0.00000000000000 -2.00000000000000
0.00097703957010 -0.94957969103558
0.00195407914021 0.05521179659922
0.00293111871031 0.99124324166545
0.00390815828041 1.83758143825143
0.00488519785051 2.57620761668510
0.00586223742062 3.19263361525998
0.00683927699072 3.67639545203211
0.00781631656082 4.02140587251375
0.00879335613092 4.22615218684622
0.00977039570103 4.29373111043888
0.01074743527113 4.23171818842154
0.01172447484123 4.05187548501942
0.01270151441133 3.76970730259745
0.01367855398144 3.40387950508133
0.01465559355154 2.97552330911895
0.01563263312164 2.50744894733930
0.01660967269174 2.02329820667488
0.01758671226185 1.54666734611089
0.01856375183195 1.10023319355532
0.01954079140205 0.70491525181543
0.02051783097215 0.37910540160078
0.02149487054226 0.13799431910332
0.02247191011236 -0.00697987980938
0.02344894968246 -0.04853985922709
0.02442598925256 0.01618134093283
0.02540302882267 0.18555878852365
0.02638006839277 0.45356526953260
0.02735710796287 0.81002853559113
0.02833414753298 1.24104628658113
0.02931118710308 1.72954294647152
0.03028822667318 2.25594685701256
0.03126526624328 2.79896189694375
0.03224230581339 3.33640391260214
0.03321934538349 3.84606985949042
0.03419638495359 4.30660629989817
0.03517342452369 4.69834392797540
0.03615046409380 5.00406610026245
0.03712750366390 5.20968188676683
0.03810454323400 5.30477782801029
0.03908158280410 5.28302724614974
0.04005862237421 5.14244143417402
0.04103566194431 4.88545312583354
0.04201270151441 4.51882909668481
0.04298974108451 4.05341531551087
0.04396678065462 3.50372450280835
0.04494382022472 2.88738201144712
0.04592085979482 2.22445139100458
0.04689789936492 1.53666562218223
0.04787493893503 0.84659363324416
0.04885197850513 0.17677419713003
0.04982901807523 -0.45114943985476
0.05080605764533 -1.01726087724362
0.05178309721544 -1.50413581880149
0.05276013678554 -1.89751180420163
0.05373717635564 -2.18683662404149
0.05471421592574 -2.36567429595935
0.05569125549585 -2.43195295950318
0.05666829506595 -2.38804512866803
0.05764533463605 -2.24067718971464
0.05862237420616 -2.00067159992599
0.05959941377626 -1.68253167767409
0.06057645334636 -1.30388492800059
0.06155349291646 -0.88480628795419
0.06253053248657 -0.44704729287191
0.06350757205667 -0.01320078098976
0.06448461162677 0.39416676993621
0.06546165119687 0.75338193924717
0.06643869076698 1.04449680044845
0.06741573033708 1.25005512940031
0.06839276990718 1.35576296844386
0.06936980947728 1.35103781792870
0.07034684904739 1.22941540406339
0.07132388861749 0.98879846043770
0.07230092818759 0.63153804894121
0.07327796775769 0.16434440001925
0.07425500732780 -0.40196917592943
0.07523204689790 -1.05289931743823
0.07620908646800 -1.77080653846760
0.07718612603810 -2.53558857131569
0.07816316560821 -3.32544703111169
0.07914020517831 -4.11771769596728
0.08011724474841 -4.88973222755248
0.08109428431851 -5.61967792482191
0.08207132388862 -6.28742215695918
0.08304836345872 -6.87526945927940
0.08402540302882 -7.36862184771952
0.08500244259893 -7.75651661647962
0.08597948216903 -8.03202058892825
0.08695652173913 -8.19246531584226
0.08793356130923 -8.23951384832432
0.08891060087934 -8.17905622341885
0.08988764044944 -8.02093744267371
0.09086468001954 -7.77852824719906
0.09184171958964 -7.46815515144833
0.09281875915975 -7.10841176006399
0.09379579872985 -6.71937814783305
0.09477283829995 -6.32177885145521
0.09574987787005 -5.93611265782295
0.09672691744016 -5.58178877041397
0.09770395701026 -5.27630402847748
0.09868099658036 -5.03449462088898
0.09965803615046 -4.86789319813813
0.10063507572057 -4.78421850342871
0.10161211529067 -4.78701971883139
0.10258915486077 -4.87549179563186
0.10356619443087 -5.04447128986823
0.10454323400098 -5.28461487614342
0.10552027357108 -5.58275503007966
0.10649731314118 -5.92241966182748
0.10747435271128 -6.28449510175150
0.10845139228139 -6.64800516986347
0.10942843185149 -6.99097350168416
0.11040547142159 -7.29133223647058
0.11138251099170 -7.52783792094928
0.11235955056180 -7.68095525706130
0.11333659013190 -7.73367118809270
0.11431362970200 -7.67220565576096
0.11529066927211 -7.48659087068671
0.11626770884221 -7.17109766787556
0.11724474841231 -6.72449492458109
0.11822178798241 -6.15013554684527
0.11919882755252 -5.45586969926145
0.12017586712262 -4.65379240658700
0.12115290669272 -3.75983820008800
0.12212994626282 -2.79324006816446
0.12310698583293 -1.77587365958701
0.12408402540303 -0.73151058962462
0.12506106497313 0.31499307788407
0.12603810454323 1.33854549110185
0.12701514411334 2.31467613340637
0.12799218368344 3.22037239120042
0.12896922325354 4.03486695611272
0.12994626282364 4.74034869647802
0.13092330239375 5.32257178445768
0.13190034196385 5.77134094767815
0.13287738153395 6.08085469482333
0.13385442110405 6.24989314869870
0.13483146067416 6.28184255600833
0.13580850024426 6.18455443116356
0.13678553981436 5.97004339862832
0.13776257938447 5.65403387233050
0.13873961895457 5.25537149513911
0.13971665852467 4.79532050968651
0.14069369809477 4.29677271923629
0.14167073766488 3.78339723141619
0.14264777723498 3.27876260633978
0.14362481680508 2.80546424810338
0.14460185637518 2.38428982908870
0.14557889594529 2.03345421585281
0.14655593551539 1.76793282084937
0.14753297508549 1.59891863191323
0.14851001465559 1.53342351217509
0.14948705422570 1.57403889655072
0.15046409379580 1.71886494849665
0.15144113336590 1.96161081691605
0.15241817293600 2.29186209655372
0.15339521250611 2.69550519890729
0.15437225207621 3.15529233211514
0.15534929164631 3.65152539993767
0.15632633121641 4.16283257031001
0.15730337078652 4.66700770946257
0.15828041035662 5.14188046592309
0.15925744992672 5.56618361337001
0.16023448949682 5.92038436816140
0.16121152906693 6.18744778283897
0.16218856863703 6.35350292814504
0.16316560820713 6.40838631300026
0.16414264777723 6.34604171100672
0.16511968734734 6.16476108206137
0.16609672691744 5.86725738642751
0.16707376648754 5.46056655126946
0.16805080605765 4.95578241771607
0.16902784562775 4.36763491740929
0.17000488519785 3.71392775428273
0.17098192476795 3.01485726821696
0.17195896433806 2.29223872450554
0.17293600390816 1.56866983107758
0.17391304347826 0.86666369730467
0.17489008304836 0.20778462121137
0.17586712261847 -0.38818001910715
0.17684416218857 -0.90397988479788
0.17782120175867 -1.32556453819630
0.17879824132877 -1.64262352182198
0.17977528089888 -1.84898285292995
0.18075232046898 -1.94284265605850
0.18172936003908 -1.92684676729135
0.18270639960918 -1.80798160747140
0.18368343917929 -1.59730818871337
0.18466047874939 -1.30953753662005
0.18563751831949 -0.96246583269819
0.18661455788959 -0.57629097590853
0.18759159745970 -0.17283682151727
0.18856863702980 0.22528509598194
0.18954567659990 0.59554414769967
0.19052271617000 0.91635613298419
0.19149975574011 1.16791249252287
0.19247679531021 1.33294136695077
0.19345383488031 1.39737128427612
0.19443087445042 1.35087201258986
0.19540791402052 1.18725184829707
0.19638495359062 0.90469614249712
0.19736199316072 0.50583798643153
0.19833903273083 -0.00234155414478
0.19931607230093 -0.60877969499355
0.20029311187103 -1.29875429914734
0.20127015144113 -2.05444594946409
0.20224719101124 -2.85561793225083
0.20322423058134 -3.68038778040916
0.20420127015144 -4.50606048117423
0.20517830972154 -5.30999105922094
0.20615534929165 -6.07044309330054
0.20713238886175 -6.76740985872937
0.20810942843185 -7.38336620483113
0.20908646800195 -7.90392192270892
0.21006350757206 -8.31835113448053
0.21104054714216 -8.61997699739150
0.21201758671226 -8.80639658466311
0.21299462628236 -8.87953696877973
0.21397166585247 -8.84554005911614
0.21494870542257 -8.71448038793533
0.21592574499267 -8.49992654640175
0.21690278456277 -8.21836310024849
0.21787982413288 -7.88849533233301
0.21885686370298 -7.53046385828132
0.21983390327308 -7.16499986316540
0.22081094284319 -6.81255426840500
0.22178798241329 -6.49243545495415
0.22276502198339 -6.22199017924752
0.22374206155349 -6.01586100294759
0.22471910112360 -5.88535093914383
0.22569614069370 -5.83792216037757
0.22667318026380 -5.87685062168585
0.22765021983390 -6.00105246802228
0.22862725940401 -6.20509130284928
0.22960429897411 -6.47936801763811
0.23058133854421 -6.81048718818750
0.23155837811431 -7.18178634541431
0.23253541768442 -7.57400707991840
0.23351245725452 -7.96608032779815
0.23448949682462 -8.33599270877632
0.23546653639472 -8.66169682576513
0.23644357596483 -8.92202630406268
0.23742061553493 -9.09757625434047
0.23839765510503 -9.17151183813286
0.23937469467513 -9.13027156782034
0.24035173424524 -8.96413757371919
0.24132877381534 -8.66765185880404
0.24230581338544 -8.23986499090689
0.24328285295554 -7.68441120168908
0.24425989252565 -7.00941099407432
0.24523693209575 -6.22720876112153
0.24621397166585 -5.35395840375300
0.24719101123596 -4.40907446272443
0.24816805080606 -3.41456991635435
0.24914509037616 -2.39430465216691
0.25012212994626 -1.37317080366146
0.25109916951637 -0.37624271417835
0.25207620908647 0.57207975089285
0.25305324865657 1.44890552817557
0.25403028822667 2.23363575883814
0.25500732779678 2.90866901188177
0.25598436736688 3.46000327996082
0.25696140693698 3.87771283976189
0.25793844650708 4.15628210314455
0.25891548607719 4.29478341505919
0.25989252564729 4.29689122451452
0.26086956521739 4.17073096374713
0.26184660478749 3.92856708336612
0.26282364435760 3.58634075464981
0.26380068392770 3.16307350818567
0.26477772349780 2.68015828506488
0.26575476306790 2.16056380993940
0.26673180263801 1.62798166428029
0.26770884220811 1.10594779377462
0.26868588177821 0.61697132317256
0.26966292134831 0.18170342247938
0.27063996091842 -0.18182243066270
0.27161700048852 -0.45885006588414
0.27259404005862 -0.63843512433004
0.27357107962872 -0.71383417962484
0.27454811919883 -0.68273371319532
0.27552515876893 -0.54731027369015
0.27650219833903 -0.31411958846664
0.27747923790914 0.00618106970030
0.27845627747924 0.39926657831230
0.27943331704934 0.84771706446121
0.28041035661944 1.33170840661632
0.28138739618955 1.82979363612389
0.28236443575965 2.31974524900396
0.28334147532975 2.77942610195666
0.28431851489985 3.18765547044944
0.28529555446996 3.52503703414488
0.28627259404006 3.77471701906755
0.28724963361016 3.92304341090651
0.28822667318026 3.96010095677451
0.28920371275037 3.88010144758820
0.29018075232047 3.68161433654424
0.29115779189057 3.36762888711662
0.29213483146067 2.94544552061621
0.29311187103078 2.42640059960655
0.29408891060088 1.82543528685199
0.29506595017098 1.16052511373115
0.29604298974108 0.45199224663793
0.29702002931119 -0.27827305112234
0.29799706888129 -1.00765177448344
0.29897410845139 -1.71366402466551
0.29995114802149 -2.37483193241670
0.30092818759160 -2.97150443038392
0.30190522716170 -3.48661211800097
0.30288226673180 -3.90632315301416
0.30385930630191 -4.22057491226959
0.30483634587201 -4.42346094414702
0.30581338544211 -4.51345830217271
0.30679042501221 -4.49348648971057
0.30776746458232 -4.37079572300025
0.30874450415242 -4.15668878499520
0.30972154372252 -3.86608714288665
0.31069858329262 -3.51695799164298
0.31167562286273 -3.12962423391619
0.31265266243283 -2.72598390750459
0.31362970200293 -2.32866905202697
0.31460674157303 -1.96017633262269
0.31558378114314 -1.64200282079585
0.31656082071324 -1.39382012926847
0.31753786028334 -1.23271861663373
0.31851489985344 -1.17255067559392
0.31949193942355 -1.22339829947174
0.32046897899365 -1.39118533231162
0.32144601856375 -1.67744923237017
0.32242305813385 -2.07928103150823
0.32340009770396 -2.58943569031531
0.32437713727406 -3.19660848001118
0.32535417684416 -3.88586661990414
0.32633121641426 -4.63921940969881
0.32730825598437 -5.43630474966573
0.32828529555447 -6.25516544437713
0.32926233512457 -7.07308521058132
0.33023937469468 -7.86745199086189
0.33121641426478 -8.61661510172563
0.33219345383488 -9.30070295972034
0.33317049340498 -9.90236962486399
0.33414753297509 -10.40744112093386
0.33512457254519 -10.80543633418639
0.33610161211529 -11.08994211038079
0.33707865168539 -11.25882778208606
0.33805569125550 -11.31429055175478
0.33903273082560 -11.26272969679989
0.34000977039570 -11.11445420396047
0.34098680996580 -10.88323493120761
0.34196384953591 -10.58571849185144
0.34294088910601 -10.24072552776737
0.34391792867611 -9.86846068019119
0.34489496824621 -9.48966520080038
0.34587200781632 -9.12474563189170
0.34684904738642 -8.79291322105687
0.34782608695652 -8.51136866343394
0.34880312652662 -8.29456536663714
0.34978016609673 -8.15358173535234
0.35075720566683 -8.09562904091956
0.35173424523693 -8.12371638246292
0.35271128480703 -8.23648820596877
0.35368832437714 -8.42824301160977
0.35466536394724 -8.68913447445046
0.35564240351734 -9.00554849995711
0.35661944308745 -9.36064204856325
0.35759648265755 -9.73502224964470
0.35857352222765 -10.10753777272889
0.35955056179775 -10.45614903131104
0.36052760136786 -10.75883993878846
0.36150464093796 -10.99453192776275
0.36248168050806 -11.14396098074366
0.36345872007816 -11.19048054301322
0.36443575964827 -11.12075725554895
0.36541279921837 -10.92533213546831
0.36638983878847 -10.59902667592967
0.36736687835857 -10.14118078813378
0.36834391792868 -9.55571701616544
0.36932095749878 -8.85103255059808
0.37029799706888 -8.03972691456099
0.37127503663898 -7.13817862044877
0.37225207620909 -6.16598856499676
0.37322911577919 -5.14531151438665
0.37420615534929 -4.10009984279287
0.37518319491939 -3.05528583137599
0.37616023448950 -2.03593036787477
0.37713727405960 -1.06636680670410
0.37811431362970 -0.16936899935243
0.37909135319980 0.63462800282569
0.38006839276991 1.32822742667241
0.38104543234001 1.89766555699215
0.38202247191011 2.33328013670593
0.38299951148021 2.62983479349213
0.38397655105032 2.78668677394251
0.38495359062042 2.80779077026207
0.38593063019052 2.70153755330003
0.38690766976063 2.48043224276153
0.38788470933073 2.16062309722827
0.38886174890083 1.76129743721047
0.38983878847093 1.30396647933983
0.39081582804104 0.81166523783917
0.39179286761114 0.30809705276246
0.39276990718124 -0.18324541341193
0.39374694675134 -0.63994980817039
0.39472398632145 -1.04151165695382
0.39570102589155 -1.37008865061773
0.39667806546165 -1.61115312796086
0.39765510503175 -1.75401803316335
0.39863214460186 -1.79221639869793
0.39960918417196 -1.72371995741021
0.40058622374206 -1.55098860829274
0.40156326331216 -1.28084891215824
0.40254030288227 -0.92420632624981
0.40351734245237 -0.49560224798630
0.40449438202247 -0.01263288138551
0.40547142159257 0.50474776472026
0.40644846116268 1.03501399465341
0.40742550073278 1.55591348972468
0.40840254030288 2.04533888630402
0.40937957987298 2.48219241993085
0.41035661944309 2.84721045516172
0.41133365901319 3.12371626343765
0.41231069858329 3.29827216960649
0.41328773815340 3.36120605610384
0.41426477772350 3.30699204364559
0.41524181729360 3.13447077304946
0.41621885686370 2.84690087901454
0.41719589643381 2.45183973628790
0.41817293600391 1.96085812210098
0.41914997557401 1.38909982366998
0.42012701514411 0.75470318037212
0.42110405471422 0.07810685768463
0.42208109428432 -0.61873340002924
0.42305813385442 -1.31318686943305
0.42403517342452 -1.98281637123124
0.42501221299463 -2.60623977273273
0.42598925256473 -3.16395129864757
0.42696629213483 -3.63907102673901
0.42794333170493 -4.01799370905085
0.42892037127504 -4.29091193334698
0.42989741084514 -4.45219347411369
0.43087445041524 -4.50059829199455
0.43185148998534 -4.43932680905972
0.43282852955545 -4.27589757755347
0.43380556912555 -4.02185902203398
0.43478260869565 -3.69234631666158
0.43575964826575 -3.30550041528461
0.43673668783586 -2.88177155277329
0.43771372740596 -2.44313397781212
0.43869076697606 -2.01224208917084
0.43966780654617 -1.61156039803104
0.44064484611627 -1.26250074161679
0.44162188568637 -0.98459988951631
0.44259892525647 -0.79476912453290
0.44357596482658 -0.70664460456556
0.44455300439668 -0.73006342756257
0.44553004396678 -0.87068547733764
0.44650708353688 -1.12977551023373
0.44748412310699 -1.50415376726417
0.44846116267709 -1.98631690091068
0.44943820224719 -2.56472443999605
0.45041524181729 -3.22423963248552
0.45139228138740 -3.94670755024692
0.45236932095750 -4.71164804085157
0.45334636052760 -5.49703667337893
0.45432340009770 -6.28014341882894
0.45530043966781 -7.03839656254270
0.45627747923791 -7.75023835280329
0.45725451880801 -8.39593918551679
0.45823155837811 -8.95833869923414
0.45920859794822 -9.42348494862972
0.46018563751832 -9.78114673227026
0.46116267708842 -10.02517902411832
0.46213971665852 -10.15372711314788
0.46311675622863 -10.16926127769740
0.46409379579873 -10.07844037552354
0.46507083536883 -9.89180936951003
0.46604787493894 -9.62334228234227
0.46702491450904 -9.28984813738562
0.46800195407914 -8.91026286911530
0.46897899364924 -8.50485476984921
0.46995603321935 -8.09437460577749
0.47093307278945 -7.69918394582212
0.47191011235955 -7.33839640294416
0.47288715192965 -7.02906633238533
0.47386419149976 -6.78545805091801
0.47484123106986 -6.61842586359422
0.47581827063996 -6.53493117884856
0.47679531021006 -6.53771786803474
0.47777234978017 -6.62516092971825
0.47874938935027 -6.79129664028818
0.47972642892037 -7.02603494024252
0.48070346849047 -7.31554709313258
0.48168050806058 -7.64281397946321
0.48265754763068 -7.98831310992484
0.48363458720078 -8.33081595066785
0.48461162677088 -8.64826184632949
0.48558866634099 -8.91867107796007
0.48656570591109 -9.12105770819630
0.48754274548119 -9.23630303379796
0.48851978505129 -9.24795271601028
0.48949682462140 -9.14290483894325
0.49047386419150 -8.91196192281815
0.49145090376160 -8.55022681779414
0.49242794333170 -8.05732987401595
0.49340498290181 -7.43748227840814
0.49438202247191 -6.69935750539953
0.49535906204201 -5.85580912234554
0.49633610161212 -4.92343855482583
0.49731314118222 -3.92203082840771
0.49829018075232 -2.87387983567091
0.49926722032242 -1.80302744457040
0.50024425989253 -0.73444286856752
0.50122129946263 0.30682978550986
0.50219833903273 1.29652699591905
0.50317537860283 2.21199532952312
0.50415241817294 3.03296652731158
0.50512945774304 3.74225113971309
0.50610649731314 4.32632600527114
0.50708353688324 4.77579412152548
0.50806057645335 5.08569959718599
0.50903761602345 5.25568529411257
0.51001465559355 5.28998630455573
0.51099169516365 5.19725835682186
0.51196873473376 4.99024636303447
0.51294577430386 4.68530436181231
0.51392281387396 4.30178381090097
0.51489985344406 3.86131230668158
0.51587689301417 3.38698912969816
0.51685393258427 2.90252735245838
0.51783097215437 2.43137445394967
0.51880801172447 1.99584436790877
0.51978505129458 1.61629360274296
0.52076209086468 1.31037251576026
0.52173913043478 1.09238005963277
0.52271617000489 0.97274644966429
0.52369320957499 0.95766337505889
0.52467024914509 1.04887578221060
0.52564728871519 1.24364310940509
0.52662432828530 1.53487138817576
0.52760136785540 1.91141109706701
0.52857840742550 2.35850931141956
0.52955544699560 2.85839878341512
0.53053248656571 3.39100133863838
0.53150952613581 3.93471859188838
0.53248656570591 4.46727963554610
0.53346360527601 4.96661316821072
0.53444064484612 5.41171059437005
0.53541768441622 5.78344697423891
0.53639472398632 6.06532832369327
0.53737176355642 6.24413659552618
0.53834880312653 6.31044760647848
0.53932584269663 6.25900205862775
0.54030288226673 6.08891545109045
0.54127992183683 5.80371887153855
0.54225696140694 5.41122915863648
0.54323400097704 4.92325348617065
0.54421104054714 4.35513978512147
0.54518808011724 3.72519034640967
0.54616511968735 3.05396120660645
0.54714215925745 2.36347430923900
0.54811919882755 1.67637278659399
0.54909623839766 1.01505189217818
0.55007327796776 0.40079904819503
0.55105031753786 -0.14702388039233
0.55202735710796 -0.61172459983505
0.55300439667807 -0.97992204127722
0.55398143624817 -1.24206094455496
0.55495847581827 -1.39277955146787
0.55593551538837 -1.43111623892022
0.55691255495848 -1.36054711809749
0.55788959452858 -1.18885312797925
0.55886663409868 -0.92782170985589
0.55984367366878 -0.59279451180677
0.56082071323889 -0.20207849354118
0.56179775280899 0.22375694521544
0.56277479237909 0.66266980759405
0.56375183194919 1.09199196587995
0.56472887151930 1.48929972878548
0.56570591108940 1.83327506436235
0.56668295065950 2.10452439764237
0.56765999022960 2.28632353988632
0.56863702979971 2.36526015457103
0.56961406936981 2.33174911447857
0.57059110893991 2.18040100265600
0.57156814851001 1.91022966925989
0.57254518808012 1.52469095879336
0.57352222765022 1.03155122948284
0.57449926722032 0.44259084828983
0.57547630679042 -0.22684579104691
0.57645334636053 -0.95843625827938
0.57743038593063 -1.73157936575482
0.57840742550073 -2.52418063862047
0.57938446507084 -3.31349354132187
0.58036150464094 -4.07698385844811
0.58133854421104 -4.79318371467525
0.58231558378114 -5.44250209501694
0.58329262335125 -6.00796037939995
0.58426966292135 -6.47582427261324
0.58524670249145 -6.83610748351225
0.58622374206155 -7.08292743555419
0.58720078163166 -7.21469898766350
0.58817782120176 -7.23415839449522
0.58915486077186 -7.14821630211875
0.59013190034196 -6.96764521109476
0.59110893991207 -6.70661329371135
0.59208597948217 -6.38208248269508
0.59306301905227 -6.01309412787218
0.59404005862237 -5.61997004184849
0.59501709819248 -5.22346025345017
0.59599413776258 -4.84387112226841
0.59697117733268 -4.50020854300457
0.59794821690278 -4.20937073032160
0.59892525647289 -3.98542351216636
0.59990229604299 -3.83898820274669
0.60087933561309 -3.77676804716690
0.60185637518319 -3.80123403951555
0.60283341475330 -3.91048476557671
0.60381045432340 -4.09828800081721
0.60478749389350 -4.35430433611360
0.60576453346361 -4.66448538390083
0.60674157303371 -5.01163145662391
0.60771861260381 -5.37608636895807
0.60869565217391 -5.73654058602955
0.60967269174402 -6.07090871979353
0.61064973131412 -6.35724373566959
0.61162677088422 -6.57464847095116
0.61260381045432 -6.70414536538278
0.61358085002443 -6.72946768166740
0.61455788959453 -6.63773978467259
0.61553492916463 -6.42001990998346
0.61651196873473 -6.07168580352083
0.61748900830484 -5.59265110093263
0.61846604787494 -4.98740779531099
0.61944308744504 -4.26489715864608
0.62042012701514 -3.43821772117421
0.62139716658525 -2.52418421704147
0.62237420615535 -1.54275575829170
0.62335124572545 -0.51635498012379
0.62432828529555 0.53089737641447
0.62530532486566 1.57400591279672
0.62628236443576 2.58795406307143
0.62725940400586 3.54855879621267
0.62823644357596 4.43329754105905
0.62921348314607 5.22207895313740
0.63019052271617 5.89793060929482
0.63116756228627 6.44757910008679
0.63214460185638 6.86190130239463
0.63312164142648 7.13622980741174
0.63409868099658 7.27050044242402
0.63507572056668 7.26923539388092
0.63605276013679 7.14136140497656
0.63702979970689 6.89986864391760
0.63800683927699 6.56132186457198
0.63898387884709 6.14524115407346
0.63996091841720 5.67337463998537
0.64093795798730 5.16888979531078
0.64191499755740 4.65551324993759
0.64289203712750 4.15665115101744
0.64386907669761 3.69452301870486
0.64484611626771 3.28934167471056
0.64582315583781 2.95857018811115
0.64680019540791 2.71628394553423
0.64777723497802 2.57266201895474
0.64875427454812 2.53362712504406
0.64973131411822 2.60064783363718
0.65070835368832 2.77071050739030
0.65168539325843 3.03646197906211
0.65266243282853 3.38651744769619
0.65363947239863 3.80592175282942
0.65461651196873 4.27674631133535
0.65559355153884 4.77879880192064
0.65657059110894 5.29041835881399
0.65754763067904 5.78932575614361
0.65852467024915 6.25349595494750
0.65950170981925 6.66201952758369
0.66047874938935 6.99591990309460
0.66145578895945 7.23889507584521
0.66243282852956 7.37795532356835
0.66340986809966 7.40393247844674
0.66438690766976 7.31184123253672
0.66536394723986 7.10107864696688
0.66634098680997 6.77545425429231
0.66731802638007 6.34304965601462
0.66829506595017 5.81591307216941
0.66927210552027 5.20960064496549
0.67024914509038 4.54258218971555
0.67122618466048 3.83553429714286
0.67220322423058 3.11054802117676
0.67318026380068 2.39028166901295
0.67415730337079 1.69709131925804
0.67513434294089 1.05217254828079
0.67611138251099 0.47474641160431
0.67708842208109 -0.01867897703002
0.67806546165120 -0.41494283586006
0.67904250122130 -0.70473764447957
0.68001954079140 -0.88296712473318
0.68099658036150 -0.94894247719048
0.68197361993161 -0.90640929932774
0.68295065950171 -0.76340412459641
0.68392769907181 -0.53194607503059
0.68490473864191 -0.22757546182481
0.68588177821202 0.13124294558464
0.68685881778212 0.52382905743326
0.68783585735222 0.92808176242778
0.68881289692233 1.32132786836274
0.68978993649243 1.68119306713549
0.69076697606253 1.98646146378191
0.69174401563263 2.21789065408803
0.69272105520274 2.35895105111887
0.69369809477284 2.39646108173966
0.69467513434294 2.32109388762021
0.69565217391304 2.12773611703052
0.69662921348315 1.81568509357032
0.69760625305325 1.38867687667195
0.69858329262335 0.85474424676421
0.69956033219345 0.22591020473027
0.70053737176356 -0.48227108142926
0.70151441133366 -1.25130806400799
0.70249145090376 -2.06047731646846
0.70346849047386 -2.88761340942494
0.70444553004397 -3.70995255610210
0.70542256961407 -4.50499733088847
0.70639960918417 -5.25136893136957
0.70737664875427 -5.92961391136016
0.70835368832438 -6.52293404346835
0.70933072789448 -7.01781090950692
0.71030776746458 -7.40450085442414
0.71128480703468 -7.67738092147370
0.71226184660479 -7.83513212441293
0.71323888617489 -7.88075268947985
0.71421592574499 -7.82140047850151
0.71519296531510 -7.66807043641450
0.71617000488520 -7.43511934175691
0.71714704445530 -7.13965613497242
0.71812408402540 -6.80082143078094
0.71910112359551 -6.43898428597869
0.72007816316561 -6.07488772260115
0.72105520273571 -5.72877676466935
0.72203224230581 -5.41954374115096
0.72300928187592 -5.16392528687241
0.72398632144602 -4.97578382816876
0.72496336101612 -4.86550340436095
0.72594040058622 -4.83952552385989
0.72691744015633 -4.90004549864100
0.72789447972643 -5.04488349608808
0.72887151929653 -5.26753758583381
0.72984855886663 -5.55741857613377
0.73082559843674 -5.90025870836882
0.73180263800684 -6.27867863277369
0.73277967757694 -6.67288988711311
0.73375671714704 -7.06150373479034
0.73473375671715 -7.42241208718539
0.73571079628725 -7.73370270465892
0.73668783585735 -7.97456923500311
0.73766487542745 -8.12617707819204
0.73864191499756 -8.17244857002732
0.73961895456766 -8.10073537820840
0.74059599413776 -7.90235194955113
0.74157303370787 -7.57295084816879
0.74255007327797 -7.11272832633341
0.74352711284807 -6.52645593274063
0.74450415241817 -5.82334093872433
0.74548119198828 -5.01672454627093
0.74645823155838 -4.12363208575433
0.74743527112848 -3.16419370739818
0.74841231069858 -2.16095750060460
0.74938935026869 -1.13811965485562
0.75036638983879 -0.12069830240347
0.75134342940889 0.86632089684676
0.75232046897899 1.79883856809356
0.75329750854910 2.65446585686588
0.75427454811920 3.41329077174202
0.75525158768930 4.05855984221543
0.75622862725940 4.57725074167825
0.75720566682951 4.96051489508530
0.75818270639961 5.20397333551815
0.75915974596971 5.30785408036860
0.76013678553981 5.27696489823733
0.76111382510992 5.12050132044327
0.76209086468002 4.85169587544465
0.76306790425012 4.48732053535666
0.76404494382022 4.04706000634857
0.76502198339033 3.55277852801813
0.76599902296043 3.02770705527332
0.76697606253053 2.49558089919133
0.76795310210064 1.97975996258755
0.76893014167074 1.50236453112106
0.76990718124084 1.08345913199124
0.77088422081094 0.74031526173412
0.77186126038105 0.48678087513270
0.77283829995115 0.33278052943838
0.77381533952125 0.28396514562117
0.77479237909135 0.34152467164828
0.77576941866146 0.50217073136683
0.77674645823156 0.75828985642157
0.77772349780166 1.09826137880542
0.77870053737176 1.50692776043115
0.77967757694187 1.96619929734986
0.78065461651197 2.45576998582912
0.78163165608207 2.95391707472452
0.78260869565217 3.43835361841787
0.78358573522228 3.88710131140605
0.78456277479238 4.27935010834809
0.78553981436248 4.59627164252269
0.78651685393258 4.82175523212844
0.78749389350269 4.94303823975494
0.78847093307279 4.95120661151474
0.78944797264289 4.84154641280266
0.79042501221299 4.61373290567886
0.79140205178310 4.27184995828238
0.79237909135320 3.82423909935525
0.79335613092330 3.28318408008529
0.79433317049340 2.66444312920999
0.79531021006351 1.98664694245876
0.79628724963361 1.27058560876539
0.79726428920371 0.53841194473743
0.79824132877382 -0.18720807856573
0.79921836834392 -0.88396509998457
0.80019540791402 -1.53076283290010
0.80117244748412 -2.10852825304615
0.80214948705423 -2.60094431433221
0.80312652662433 -2.99507697916007
0.80410356619443 -3.28187241633555
0.80508060576453 -3.45650521483854
0.80605764533464 -3.51856419325345
0.80703468490474 -3.47206863209237
0.80801172447484 -3.32531427922639
0.80898876404494 -3.09055502623285
0.80996580361505 -2.78353247377768
0.81094284318515 -2.42287145402505
0.81191988275525 -2.02936473243750
0.81289692232535 -1.62517437187891
0.81387396189546 -1.23298044472184
0.81485100146556 -0.87510980042646
0.81582804103566 -0.57267835896419
0.81680508060576 -0.34477987508498
0.81778212017587 -0.20775232490289
0.81875915974597 -0.17455007349820
0.81973619931607 -0.25424590524125
0.82071323888617 -0.45168199405873
0.82169027845628 -0.76728315129908
0.82266731802638 -1.19703943489224
0.82364435759648 -1.73265867562397
0.82462139716659 -2.36188292559050
0.82559843673669 -3.06895651219981
0.82657547630679 -3.83522753161871
0.82755251587689 -4.63985946338095
0.82852955544700 -5.46062533129960
0.82950659501710 -6.27475363883597
0.83048363458720 -7.05979329303830
0.83146067415730 -7.79446397812549
0.83243771372741 -8.45945897753575
0.83341475329751 -9.03816925222900
0.83439179286761 -9.51730059512193
0.83536883243771 -9.88735978282301
0.83634587200782 -10.14299068099325
0.83732291157792 -10.28314703802274
0.83829995114802 -10.31109500463972
0.83927699071812 -10.23424500634216
0.84025403028823 -10.06381922247160
0.84123106985833 -9.81436734056070
0.84220810942843 -9.50314921571583
0.84318514899853 -9.14940834767406
0.84416218856864 -8.77356449313090
0.84513922813874 -8.39635708987947
0.84611626770884 -8.03797335090820
0.84709330727894 -7.71719579987139
0.84807034684905 -7.45060361551489
0.84904738641915 -7.25186042560893
0.85002442598925 -7.13111817661994
0.85100146555936 -7.09456248039588
0.85197850512946 -7.14411951983582
0.85295554469956 -7.27733833740162
0.85393258426966 -7.48745532902161
0.85490962383977 -7.76364025903332
0.85588666340987 -8.09141538097331
0.85686370297997 -8.45323162025523
0.85784074255007 -8.82917861397576
0.85881778212018 -9.19779910341466
0.85979482169028 -9.53697313294660
0.86077186126038 -9.82483408957667
0.86174890083048 -10.04067710726999
0.86272594040059 -10.16582092154760
0.86370297997069 -10.18438688924731
0.86468001954079 -10.08396339781824
0.86565705911089 -9.85612991509426
0.86663409868100 -9.49682197940800
0.86761113825110 -9.00652594459048
0.86858817782120 -8.39029973879956
0.86956521739130 -7.65762282970983
0.87054225696141 -6.82208471589110
0.87151929653151 -5.90092644806570
0.87249633610161 -4.91445392285168
0.87347337567171 -3.88534507140497
0.87445041524182 -2.83787570166951
0.87542745481192 -1.79709074082128
0.87640449438202 -0.78794900692657
0.87738153395213 0.16552960190125
0.87835857352223 1.04108554324773
0.87933561309233 1.81898144516823
0.88031265266243 2.48267763298487
0.88128969223254 3.01939720173875
0.88226673180264 3.42055989439200
0.88324377137274 3.68206834207169
0.88422081094284 3.80443527170281
0.88519785051295 3.79274591722897
0.88617489008305 3.65645586954976
0.88715192965315 3.40903072515644
0.88812896922325 3.06743988869829
0.88910600879336 2.65152249608173
0.89008304836346 2.18324841246076
0.89106008793356 1.68590140995039
0.89203712750366 1.18321476493018
0.89301416707377 0.69849149906763
0.89399120664387 0.25374223429406
0.89496824621397 -0.13112689655515
0.89594528578407 -0.43904562956383
0.89692232535418 -0.65640256737366
0.89789936492428 -0.77353618314585
0.89887640449438 -0.78507520426713
0.89985344406448 -0.69011546542391
0.90083048363459 -0.49222654708051
0.90180752320469 -0.19928801106533
0.90278456277479 0.17683844150917
0.90376160234489 0.62078828545785
0.90473864191500 1.11430655320441
0.90571568148510 1.63696977581866
0.90669272105520 2.16698977486382
0.90766976062531 2.68206845671532
0.90864680019541 3.16027080449674
0.90962383976551 3.58088256552257
0.91060087933561 3.92521972156234
0.91157791890572 4.17735868317454
0.91255495847582 4.32475919688272
0.91353199804592 4.35875607818737
0.91450903761602 4.27490092593200
0.91548607718613 4.07314074060989
0.91646311675623 3.75782663913061
0.91744015632633 3.33755239029972
0.91841719589643 2.82482903764437
0.91939423546654 2.23560817764522
0.92037127503664 1.58867227957530
0.92134831460674 0.90491554422417
0.92232535417684 0.20654300622977
0.92330239374695 -0.48378127327960
0.92427943331705 -1.14380412136042
0.92525647288715 -1.75253777873508
0.92623351245725 -2.29106613364666
0.92721055202736 -2.74327162110090
0.92818759159746 -3.09645479777715
0.92916463116756 -3.34182273253413
0.93014167073766 -3.47482739958309
0.93111871030777 -3.49534103189320
0.93209574987787 -3.40766166424588
0.93307278944797 -3.22034862728583
0.93404982901808 -2.94589429464196
0.93502686858818 -2.60024468308138
0.93600390815828 -2.20218731842277
0.93698094772838 -1.77262988393087
0.93795798729849 -1.33379736676304
0.93893502686859 -0.90837855017410
0.93991206643869 -0.51865464406212
0.94088910600879 -0.18564352917504
0.94186614557890 0.07170751543741
0.94284318514900 0.23724960313698
0.94382022471910 0.29825261435063
0.94479726428920 0.24589436089941
0.94577430385931 0.07559980213277
0.94675134342941 -0.21278264657176
0.94772838299951 -0.61497439409998
0.94870542256961 -1.12242968712272
0.94968246213972 -1.72266195750847
0.95065950170982 -2.39972080512402
0.95163654127992 -3.13480110527124
0.95261358085002 -3.90696062831396
0.95359062042013 -4.69391836428773
0.95456765999023 -5.47290261906538
0.95554469956033 -6.22151601162740
0.95652173913043 -6.91858382926070
0.95749877870054 -7.54495281578940
0.95847581827064 -8.08420935459415
0.95945285784074 -8.52328909213393
0.96042989741085 -8.85295421229029
0.96140693698095 -9.06811965937884
0.96238397655105 -9.16801542547464
0.96336101612115 -9.15617834565585
0.96433805569126 -9.04027344374164
0.96531509526136 -8.83175149205064
0.96629213483146 -8.54535584210689
0.96726917440156 -8.19849750831722
0.96824621397167 -7.81052272020480
0.96922325354177 -7.40190150293102
0.97020029311187 -6.99336913464137
0.97117733268197 -6.60505443374076
0.97215437225208 -6.25562966113745
0.97313141182218 -5.96151633570018
0.97410845139228 -5.73617945220598
0.97508549096238 -5.58953949840940
0.97606253053249 -5.52752737069615
0.97703957010259 -5.55180190483867
0.97801660967269 -5.65964342765372
0.97899364924279 -5.84402969504547
0.97997068881290 -6.09389305230153
0.98094772838300 -6.39454991804961
0.98192476795310 -6.72828608267643
0.98290180752320 -7.07507419333049
0.98387884709331 -7.41339356507888
0.98485588666341 -7.72111750721847
0.98583292623351 -7.97643004622946
0.98680996580362 -8.15873254307648
0.98778700537372 -8.24950139508793
0.98876404494382 -8.23306076701955
0.98974108451392 -8.09723891247786
0.99071812408403 -7.83388275288629
0.99169516365413 -7.43921247571492
0.99267220322423 -6.91400543903940
0.99364924279433 -6.26360609354843
0.99462628236444 -5.49776552331554
0.99560332193454 -4.63032027741176
0.99658036150464 -3.67872528809331
0.99755740107474 -2.66345985341363
0.99853444064485 -1.60732899204425
0.99951148021495 -0.53468507150407
1.00048851978505 0.52940343959209
1.00146555935515 1.56000790004739
1.00244259892526 2.53319119164385
1.00341963849536 3.42682624477673
1.00439667806546 4.22135322078235
1.00537371763556 4.90044881292265
1.00635075720567 5.45158368695240
1.00732779677577 5.86644756531149
1.00830483634587 6.14122580626745
1.00928187591597 6.27671642026635
1.01025891548608 6.27828212624457
1.01123595505618 6.15563806475753
1.01221299462628 5.92248190908174
1.01319003419638 5.59597909406578
1.01416707376649 5.19612146170673
1.01514411333659 4.74498256378968
1.01612115290669 4.26589695374158
1.01709819247680 3.78259386645573
1.01807523204690 3.31831759375740
1.01905227161700 2.89496753015595
1.02002931118710 2.53229025531479
1.02100635075721 2.24715415479995
1.02198339032731 2.05293402815512
1.02296042989741 1.95902900947142
1.02393746946751 1.97053208902536
1.02491450903762 2.08806376973870
1.02589154860772 2.30777614175696
1.02686858817782 2.62152715423852
1.02784562774792 3.01721835722243
1.02882266731803 3.47928312998715
1.02979970688813 3.98930664770173
1.03077674645823 4.52675378845121
1.03175378602833 5.06977704327149
1.03273082559844 5.59607342287998
1.03370786516854 6.08375747524511
1.03468490473864 6.51221691100765
1.03566194430874 6.86291800338768
1.03663898387885 7.12012986031758
1.03761602344895 7.27153978523825
1.03859306301905 7.30873612965435
1.03957010258915 7.22754013435791
1.04054714215926 7.02817406146787
1.04152418172936 6.71525921294300
1.04250122129946 6.29764397103700
1.04347826086957 5.78806853080799
1.04445530043967 5.20267927296852
1.04543234000977 4.56041150562782
1.04640937957987 3.88226436351141
1.04738641914998 3.19049579843939
1.04836345872008 2.50776866576985
1.04934049829018 1.85628079004534
1.05031753786028 1.25691250697793
1.05129457743039 0.72842450455941
1.05227161700049 0.28673684943245
1.05324865657059 -0.05568303977720
1.05422569614069 -0.29029990251266
1.05520273571080 -0.41283915843846
1.05617977528090 -0.42345177898598
1.05715681485100 -0.32670914091198
1.05813385442110 -0.13142803438475
1.05911089399121 0.14966746901554
1.06008793356131 0.50043430847595
1.06106497313141 0.90193013162684
1.06204201270151 1.33314059018155
1.06301905227162 1.77178628949092
1.06399609184172 2.19517838695344
1.06497313141182 2.58108996653074
1.06595017098192 2.90860971414929
1.06692721055203 3.15894510477851
1.06790425012213 3.31614426015609
1.06888128969223 3.36770877162523
1.06985832926234 3.30507398484980
1.07083536883244 3.12393835071802
1.07181240840254 2.82442926317049
1.07278944797264 2.41109910634737
1.07376648754275 1.89275177802500
1.07474352711285 1.28210649212696
1.07572056668295 0.59531193877484
1.07669760625305 -0.14867034550345
1.07767464582316 -0.92878949435391
1.07865168539326 -1.72270767959579
1.07962872496336 -2.50765024029155
1.08060576453346 -3.26127062282908
1.08158280410357 -3.96249658964512
1.08255984367367 -4.59232485294792
1.08353688324377 -5.13453325385618
1.08451392281387 -5.57628276273562
1.08549096238398 -5.90858580382415
1.08646800195408 -6.12662254637005
1.08744504152418 -6.22989266088496
1.08842208109428 -6.22219639116642
1.08939912066439 -6.11144540043672
1.09037616023449 -5.90931046393981
1.09135319980459 -5.63071945138297
1.09233023937469 -5.29322493080037
1.09330727894480 -4.91626590888392
1.09428431851490 -4.52035250551396
1.09526135808500 -4.12620557838241
1.09623839765510 -3.75388534078590
1.09721543722521 -3.42194376608782
1.09819247679531 -3.14663500257835
1.09916951636541 -2.94121613170658
1.10014655593552 -2.81536743199747
1.10112359550562 -2.77475694204975
1.10210063507572 -2.82076867004287
1.10307767464582 -2.95040743463089
1.10405471421593 -3.15638624371453
1.10503175378603 -3.42739456636476
1.10600879335613 -3.74853811637493
1.10698583292623 -4.10193317491727
1.10796287249634 -4.46743140476626
1.10893991206644 -4.82344494468194
1.10991695163654 -5.14783671468069
1.11089399120664 -5.41883766851270
1.11187103077675 -5.61595147275229
1.11284807034685 -5.72080791560643
1.11382510991695 -5.71792922708404
1.11480214948705 -5.59537821437210
1.11577918905716 -5.34526329971721
1.11675622862726 -4.96408268606774
1.11773326819736 -4.45289740963276
1.11871030776746 -3.81733044051920
1.11968734733757 -3.06739583829223
1.12066438690767 -2.21716798303765
1.12164142647777 -1.28430596600584
1.12261846604787 -0.28945234958309
1.12359550561798 0.74447121311599
1.12457254518808 1.79304645784537
1.12554958475818 2.83119213572059
1.12652662432829 3.83402052761713
1.12750366389839 4.77768791004429
1.12848070346849 5.64021005921301
1.12945774303859 6.40221469583922
1.13043478260870 7.04760446522837
1.13141182217880 7.56410666449744
1.13238886174890 7.94368946831906
1.13336590131900 8.18282880246640
1.13434294088911 8.28261514657221
1.13531998045921 8.24869523679260
1.13629702002931 8.09104966739728
1.13727405959941 7.82361351304635
1.13825109916952 7.46375305450758
1.13922813873962 7.03161723666516
1.14020517830972 6.54938738180557
1.14118221787982 6.04045271363540
1.14215925744993 5.52854224513420
1.14313629702003 5.03684541659057
1.14411333659013 4.58715445787893
1.14509037616023 4.19906076120321
1.14606741573034 3.88923560890302
1.14704445530044 3.67082247757024
1.14802149487054 3.55296395374430
1.14899853444064 3.54048120893925
1.14997557401075 3.63371818919176
1.15095261358085 3.82855640076557
1.15192965315095 4.11659966189180
1.15290669272106 4.48552169248693
1.15388373229116 4.91956318113446
1.15486077186126 5.40015924239704
1.15583781143136 5.90667317930406
1.15681485100147 6.41720838902592
1.15779189057157 6.90946725210797
1.15876893014167 7.36162404335137
1.15974596971177 7.75317836551997
1.16072300928188 8.06575635677045
1.16170004885198 8.28382893069105
1.16267708842208 8.39531949723766
1.16365412799218 8.39207786131916
1.16463116756229 8.27020214012103
1.16560820713239 8.03019638278913
1.16658524670249 7.67695789223515
1.16756228627259 7.21959479572747
1.16853932584270 6.67108093685434
1.16951636541280 6.04776141542054
1.17049340498290 5.36872784335751
1.17147044455300 4.65508739295404
1.17244748412311 3.92915379603880
1.17342452369321 3.21359145215092
1.17440156326331 2.53054560484806
1.17537860283341 1.90079207886231
1.17635564240352 1.34293931629830
1.17733268197362 0.87271343650500
1.17830972154372 0.50235384911836
1.17928676111383 0.24014269595954
1.18026380068393 0.09008624864512
1.18124084025403 0.05176054298211
1.18221787982413 0.12032721336595
1.18319491939424 0.28671894352791
1.18417195896434 0.53798742594423
1.18514899853444 0.85780047201607
1.18612603810454 1.22706917921101
1.18710307767465 1.62468106041204
1.18808011724475 2.02831096716177
1.18905715681485 2.41527864906751
1.19003419638495 2.76342000140572
1.19101123595506 3.05193853085824
1.19198827552516 3.26220433549113
1.19296531509526 3.37846992015931
1.19394235466536 3.38847537467356
1.19491939423547 3.28391970607306
1.19589643380557 3.06078027427349
1.19687347337567 2.71946813390358
1.19785051294577 2.26481340922855
1.19882755251588 1.70588138050570
1.19980459208598 1.05562648698340
1.20078163165608 0.33039770300674
1.20175867122618 -0.45068552112366
1.20273571079629 -1.26646256347487
1.20371275036639 -2.09453792067655
1.20468978993649 -2.91213324140309
1.20566682950659 -3.69695207844167
1.20664386907670 -4.42802382284108
1.20762090864680 -5.08649406271200
1.20859794821690 -5.65633065042331
1.20957498778701 -6.12491798824568
1.21055202735711 -6.48351633187548
1.21152906692721 -6.72756810125451
1.21250610649731 -6.85683908218468
1.21348314606742 -6.87538877744353
1.21446018563752 -6.79137078154343
1.21543722520762 -6.61667065933910
1.21641426477772 -6.36639515643797
1.21739130434783 -6.05823241978225
1.21836834391793 -5.71170803937943
1.21934538348803 -5.34736594274409
1.22032242305813 -4.98590632063403
1.22129946262824 -4.64731471213015
1.22227650219834 -4.35001704584745
1.22325354176844 -4.11009478131640
1.22423058133854 -3.94059232219383
1.22520762090865 -3.85094562460298
1.22618466047875 -3.84655648371343
1.22716170004885 -3.92853147330507
1.22813873961895 -4.09359809946239
1.22911577918906 -4.33420361403653
1.23009281875916 -4.63879436181457
1.23106985832926 -4.99226579749947
1.23204689789936 -5.37656573865683
1.23302393746947 -5.77142639099121
1.23400097703957 -6.15519458868122
1.23497801660967 -6.50572492875200
1.23595505617978 -6.80129739824821
1.23693209574988 -7.02151996349632
1.23790913531998 -7.14817754552490
1.23888617489008 -7.16599180758142
1.23986321446019 -7.06326100701040
1.24084025403029 -6.83235542265405
1.24181729360039 -6.47005104810038
1.24279433317049 -5.97769178147617
1.24377137274060 -5.36117772076453
1.24474841231070 -4.63078397371891
1.24572545188080 -3.80082034770127
1.24670249145090 -2.88914728817498
1.24767953102101 -1.91656750419256
1.24865657059111 -0.90611595083495
1.24963361016121 0.11772665269561
1.25061064973131 1.12986971769416
1.25158768930142 2.10546977296544
1.25256472887152 3.02077958781000
1.25354176844162 3.85396054449968
1.25451880801172 4.58583024213573
1.25549584758183 5.20051906265135
1.25647288715193 5.68601210536693
1.25744992672203 6.03455649219786
1.25842696629213 6.24291849363366
1.25940400586224 6.31248009824422
1.26038104543234 6.24917036567778
1.26135808500244 6.06323294470846
1.26233512457255 5.76883725806526
1.26331216414265 5.38354679814836
1.26428920371275 4.92766348980260
1.26526624328285 4.42347192240433
1.26624328285296 3.89441122596206
1.26722032242306 3.36420529411908
1.26819736199316 2.85598381419917
1.26917440156326 2.39142707276722
1.27015144113337 1.98996673781100
1.27112848070347 1.66807280054346
1.27210552027357 1.43865366610845
1.27308255984367 1.31059213502540
1.27405959941378 1.28843487954231
1.27503663898388 1.37224718963672
1.27601367855398 1.55763846770536
1.27699071812408 1.83595743266332
1.27796775769419 2.19464950550851
1.27894479726429 2.61776264049476
1.27992183683439 3.08658217909889
1.28089887640449 3.58037035800172
1.28187591597460 4.07718208869696
1.28285295554470 4.55472570047534
1.28382999511480 4.99123561376982
1.28480703468490 5.36632345425385
1.28578407425501 5.66177494778021
1.28676111382511 5.86226202082235
1.28773815339521 5.95594279070905
1.28871519296532 5.93492643956946
1.28969223253542 5.79558515999487
1.29066927210552 5.53870123936852
1.29164631167562 5.16944368763282
1.29262335124573 4.69717536627214
1.29360039081583 4.13509809250433
1.29457743038593 3.49974942151128
1.29555446995603 2.81037051144247
1.29653150952614 2.08816943159033
1.29750854909624 1.35550829297811
1.29848558866634 0.63504550802609
1.29946262823644 -0.05113379060485
1.30043966780655 -0.68236568876134
1.30141670737665 -1.24020113846355
1.30239374694675 -1.70911475599492
1.30337078651685 -2.07710147727161
1.30434782608696 -2.33613809228046
1.30532486565706 -2.48249187889222
1.30630190522716 -2.51686443845810
1.30727894479726 -2.44436517503342
1.30825598436737 -2.27431541293018
1.30923302393747 -2.01989066151508
1.31021006350757 -1.69761476111235
1.31118710307767 -1.32672534006868
1.31216414264778 -0.92843496131939
1.31314118221788 -0.52511634678450
1.31411822178798 -0.13944298530369
1.31509526135808 0.20648185768506
1.31607230092819 0.49197426885651
1.31704934049829 0.69856434046382
1.31802638006839 0.81070583658148
1.31900341963850 0.81637363648046
1.31998045920860 0.70752604455820
1.32095749877870 0.48041426377904
1.32193453834880 0.13572721935905
1.32291157791891 -0.32143373501269
1.32388861748901 -0.88174913879150
1.32486565705911 -1.53203716747571
1.32584269662921 -2.25575696435026
1.32681973619932 -3.03364003328283
1.32779677576942 -3.84442521914349
1.32877381533952 -4.66566879684724
1.32975085490962 -5.47459827891115
1.33072789447973 -6.24897684715552
1.33170493404983 -6.96794488297045
1.33268197361993 -7.61280592987944
1.33365901319003 -8.16772654011073
1.33463605276014 -8.62032275367001
1.33561309233024 -8.96211030921275
1.33659013190034 -9.18880092608743
1.33756717147044 -9.30043292782683
1.33854421104055 -9.30133087478868
1.33952125061065 -9.19989549584707
1.34049829018075 -9.00823180618991
1.34147532975085 -8.74162962179589
1.34245236932096 -8.41791649294021
1.34342940889106 -8.05670816006280
1.34440644846116 -7.67858579318710
1.34538348803127 -7.30423235147254
1.34636052760137 -6.95356227090317
1.34733756717147 -6.64487927501579
1.34831460674157 -6.39409636784545
1.34929164631168 -6.21405001443805
1.35026868588178 -6.11393718854611
1.35124572545188 -6.09889945614995
1.35222276502198 -6.16977269331383
1.35319980459209 -6.32301457303755
1.35417684416219 -6.55081480408995
1.35515388373229 -6.84138551376761
1.35613092330239 -7.17942142895036
1.35710796287250 -7.54671196239381
1.35808500244260 -7.92288032817716
1.35906204201270 -8.28621878838101
1.36003908158280 -8.61458446482852
1.36101612115291 -8.88631718476006
1.36199316072301 -9.08113982781342
1.36297020029311 -9.18100272739658
1.36394723986321 -9.17083680387362
1.36492427943332 -9.03918503588168
1.36590131900342 -8.77868820841435
1.36687835857352 -8.38640809446493
1.36785539814362 -7.86397877179940
1.36883243771373 -7.21758412934685
1.36980947728383 -6.45776637116117
1.37078651685393 -5.59907622426057
1.37176355642404 -4.65958050006105
1.37274059599414 -3.66024667305100
1.37371763556424 -2.62422732352190
1.37469467513434 -1.57606975809698
1.37567171470445 -0.54087795669979
1.37664875427455 0.45654477484833
1.37762579384465 1.39254347294855
1.37860283341475 2.24542064848927
1.37957987298486 2.99617894796046
1.38055691255496 3.62917121402486
1.38153395212506 4.13263455012772
1.38251099169516 4.49908864530283
1.38348803126527 4.72558311298536
1.38446507083537 4.81378381006880
1.38544211040547 4.76989384671857
1.38641914997557 4.60441105134852
1.38739618954568 4.33172977176663
1.38837322911578 3.96960081626120
1.38935026868588 3.53846881550649
1.39032730825598 3.06071108338786
1.39130434782609 2.55980596660045
1.39228138739619 2.05946153110413
1.39325842696629 1.58273711447217
1.39423546653639 1.15119070202206
1.39521250610650 0.78408423780944
1.39618954567660 0.49767688728371
1.39716658524670 0.30463300479085
1.39814362481681 0.21356725083896
1.39912066438691 0.22874411700001
1.40009770395701 0.34994325091105
1.40107474352711 0.57249565694764
1.40205178309722 0.88748932424923
1.40302882266732 1.28213635536319
1.40400586223742 1.74028748655401
1.40498290180752 2.24307424398165
1.40595994137763 2.76965408699822
1.40693698094773 3.29802994004503
1.40791402051783 3.80591266097204
1.40889106008793 4.27159334664373
1.40986809965804 4.67479200046469
1.41084513922814 4.99744999603137
1.41182217879824 5.22443593194598
1.41279921836834 5.34413780220238
1.41377625793845 5.34891877669270
1.41475329750855 5.23541912944068
1.41573033707865 5.00469276664131
1.41670737664875 4.66217316512805
1.41768441621886 4.21747009001222
1.41866145578896 3.68400496577416
1.41963849535906 3.07849897783319
1.42061553492916 2.42033364306460
1.42159257449927 1.73080849008252
1.42256961406937 1.03232444485776
1.42354665363947 0.34752437225605
1.42452369320957 -0.30157613044651
1.42550073277968 -0.89443421934821
1.42647777234978 -1.41276901479069
1.42745481191988 -1.84126414954975
1.42843185148999 -2.16815660167350
1.42940889106009 -2.38568913469589
1.43038593063019 -2.49040891536814
1.43136297020029 -2.48330079659687
1.43234000977040 -2.36975011332453
1.43331704934050 -2.15933639695514
1.43429408891060 -1.86546591733518
1.43527112848070 -1.50485716004658
1.43624816805081 -1.09689900238538
1.43722520762091 -0.66290624627465
1.43820224719101 -0.22530111217314
1.43917928676111 0.19324785705427
1.44015632633122 0.57069639884236
1.44113336590132 0.88647119558311
1.44211040547142 1.12226008277617
1.44308744504152 1.26271546013798
1.44406448461163 1.29604391115119
1.44504152418173 1.21445942201541
1.44601856375183 1.01448284731397
1.44699560332193 0.69707619483638
1.44797264289204 0.26760666807497
1.44894968246214 -0.26435803286219
1.44992672203224 -0.88541514515665
1.45090376160234 -1.57883880567184
1.45188080117245 -2.32521868083646
1.45285784074255 -3.10320051090377
1.45383488031265 -3.89029987419195
1.45481191988276 -4.66375763839287
1.45578895945286 -5.40140393991083
1.45676599902296 -6.08249718162649
1.45774303859306 -6.68850547891333
1.45872007816317 -7.20380017820713
1.45969711773327 -7.61623443918817
1.46067415730337 -7.91758428323179
1.46165119687347 -8.10383480015285
1.46262823644358 -8.17530017213644
1.46360527601368 -8.13657259242556
1.46458231558378 -7.99630178433025
1.46555935515388 -7.76681341339184
1.46653639472399 -7.46358098388927
1.46751343429409 -7.10457158315355
1.46849047386419 -6.70949086576501
1.46946751343429 -6.29895676420566
1.47044455300440 -5.89363441583306
1.47142159257450 -5.51336658910152
1.47239863214460 -5.17633439686692
1.47337567171470 -4.89828226593235
1.47435271128481 -4.69183899689069
1.47532975085491 -4.56596334555655
1.47630679042501 -4.52553797600907
1.47728382999511 -4.57113000401844
1.47826086956522 -4.69892983632878
1.47923790913532 -4.90087282440312
1.48021494870542 -5.16494064198983
1.48119198827553 -5.47563155988201
1.48216902784563 -5.81458126778886
1.48314606741573 -6.16130895855093
1.48412310698583 -6.49405744141810
1.48510014655594 -6.79069147976208
1.48607718612604 -7.02961569991583
1.48705422569614 -7.19067254480284
1.48803126526624 -7.25598196248967
1.48900830483635 -7.21068776566645
1.48998534440645 -7.04358062794908
1.49096238397655 -6.74757408658613
1.49193942354665 -6.32001717609464
1.49291646311676 -5.76283486448011
1.49389350268686 -5.08249478964532
1.49487054225696 -4.28980549942819
1.49584758182706 -3.39955723878717
1.49682462139717 -2.43002121117505
1.49780166096727 -1.40232719981247
1.49877870053737 -0.33974256973998
1.49975574010747 0.73312190301202
1.50073277967758 1.79115213183194
1.50170981924768 2.80958831392396
1.50268685881778 3.76487103057547
1.50366389838788 4.63544702978614
1.50464093795799 5.40250684223531
1.50561797752809 6.05062824469132
1.50659501709819 6.56830237721548
1.50757205666830 6.94832302770677
1.50854909623840 7.18802414409488
1.50952613580850 7.28935588599175
1.51050317537860 7.25879529808072
1.51148021494871 7.10709375274424
1.51245725451881 6.84886942145310
1.51343429408891 6.50205893660769
1.51441133365901 6.08724784675249
1.51538837322912 5.62690421563883
1.51636541279922 5.14454356601227
1.51734245236932 4.66385615678696
1.51831949193942 4.20782918663539
1.51929653150953 3.79789686629496
1.52027357107963 3.45315037576206
1.52125061064973 3.18963755238463
1.52222765021983 3.01977882285055
1.52320468978994 2.95192152362114
1.52418172936004 2.99004951873026
1.52515876893014 3.13365912336596
1.52613580850024 3.37780600452873
1.52711284807035 3.71332120158233
1.52808988764045 4.12718794233771
1.52906692721055 4.60306477471478
1.53004396678065 5.12193492816201
1.53102100635076 5.66285697980697
1.53199804592086 6.20378801498280
1.53297508549096 6.72244769075970
1.53395212506106 7.19719004219717
1.53492916463117 7.60784957523840
1.53590620420127 7.93652917946807
1.53688324377137 8.16829963072872
1.53786028334148 8.29178385219978
1.53883732291158 8.29960353254224
1.53981436248168 8.18867099094511
1.54079140205178 7.96031512802201
1.54176844162189 7.62023667981275
1.54274548119199 7.17829455439697
1.54372252076209 6.64813152449533
1.54469956033219 6.04665372516601
1.54567659990230 5.39338402582004
1.54665363947240 4.70971419408314
1.54763067904250 4.01808465909262
1.54860771861260 3.34112346399030
1.54958475818271 2.70077756464668
1.55056179775281 2.11746992377529
1.55153883732291 1.60931485530059
1.55251587689301 1.19142183142205
1.55349291646312 0.87531456050705
1.55446995603322 0.66848770872748
1.55544699560332 0.57411834283396
1.55642403517342 0.59094321936741
1.55740107474353 0.71330666590211
1.55837811431363 0.93137723803179
1.55935515388373 1.23152484418872
1.56033219345383 1.59684385876988
1.56130923302394 2.00780212986171
1.56228627259404 2.44299094712488
1.56326331216414 2.87994715435817
1.56424035173425 3.29601581926435
1.56521739130435 3.66922031668468
1.56619443087445 3.97910640096897
1.56717147044455 4.20752784910131
1.56814851001466 4.33934351006899
1.56912554958476 4.36299901115622
1.57010258915486 4.27097081707516
1.57107962872496 4.06005564222852
1.57205666829507 3.73149417597827
1.57303370786517 3.29092446643214
1.57401074743527 2.74816687439009
1.57498778700537 2.11684900322067
1.57596482657548 1.41388518275980
1.57694186614558 0.65883069844323
1.57791890571568 -0.12686420525284
1.57889594528578 -0.92067164159300
1.57987298485589 -1.69984304762493
1.58085002442599 -2.44227258076632
1.58182706399609 -3.12733345736888
1.58280410356619 -3.73665476409567
1.58378114313630 -4.25480854359683
1.58475818270640 -4.66988039220420
1.58573522227650 -4.97390127909576
1.58671226184660 -5.16312363426741
1.58768930141671 -5.23813075458557
1.58866634098681 -5.20377501618433
1.58964338055691 -5.06894701427330
1.59062042012702 -4.84618432783563
1.59159745969712 -4.55113487895615
1.59257449926722 -4.20189558844739
1.59355153883732 -3.81825200493010
1.59452857840743 -3.42084861504937
1.59550561797753 -3.03032247323459
1.59648265754763 -2.66643450380749
1.59745969711773 -2.34723325102236
1.59843673668784 -2.08828495101970
1.59941377625794 -1.90200158349013
1.60039081582804 -1.79709508140159
1.60136785539814 -1.77818122607568
1.60234489496825 -1.84555106319074
1.60332193453835 -1.99512111335144
1.60429897410845 -2.21856642978508
1.60527601367855 -2.50363292943066
1.60625305324866 -2.83461769060924
1.60723009281876 -3.19299841246667
1.60820713238886 -3.55818634658671
1.60918417195896 -3.90837113753225
1.61016121152907 -4.22142153598355
1.61113825109917 -4.47580321675050
1.61211529066927 -4.65147418983300
1.61309233023937 -4.73071963969727
1.61406936980948 -4.69889139438058
1.61504640937958 -4.54502235529807
1.61602344894968 -4.26229269161891
1.61700048851979 -3.84833189259295
1.61797752808989 -3.30534831866581
1.61895456765999 -2.64008518963008
1.61993160723009 -1.86360860530549
1.62090864680020 -0.99093897570111
1.62188568637030 -0.04054206138947
1.62286272594040 0.96630027135202
1.62383976551050 2.00621638845126
1.62481680508061 3.05454274250143
1.62579384465071 4.08616590814822
1.62677088422081 5.07638030889777
1.62774792379091 6.00173263555931
1.62872496336102 6.84082416904686
1.62970200293112 7.57504324827202
1.63067904250122 8.18920204437605
1.63165608207132 8.67205465301885
1.63263312164143 9.01667727895899
1.63361016121153 9.22069588249892
1.63458720078163 9.28635194721846
1.63556424035173 9.22040282420156
1.63654127992184 9.03385918353758
1.63751831949194 8.74156821031558
1.63849535906204 8.36165706291429
1.63947239863214 7.91485651583306
1.64044943820225 7.42372940639623
1.64142647777235 6.91183229306468
1.64240351734245 6.40284144995818
1.64338055691255 5.91967584968796
1.64435759648266 5.48365005621609
1.64533463605276 5.11368894412564
1.64631167562286 4.82563391496844
1.64728871519297 4.63166687944130
1.64826575476307 4.53987384617563
1.64924279433317 4.55396467450242
1.65021983390327 4.67315961385226
1.65119687347338 4.89224689605616
1.65217391304348 5.20180911473953
1.65315095261358 5.58860967104541
1.65412799218368 6.03612443688334
1.65510503175379 6.52519822286652
1.65608207132389 7.03480085336875
1.65705911089399 7.54285383084225
1.65803615046409 8.02709586357749
1.65901319003420 8.46595404046490
1.65999022960430 8.83938722100305
1.66096726917440 9.12966927767833
1.66194430874450 9.32208214022384
1.66292134831461 9.40549205859685
1.66389838788471 9.37278699070906
1.66487542745481 9.22115835955220
1.66585246702491 8.95221640721939
1.66682950659502 8.57193477043147
1.66780654616512 8.09042646756965
1.66878358573522 7.52155996843993
1.66976062530532 6.88243016578004
1.67073766487543 6.19270464546269
1.67171470444553 5.47387044588010
1.67269174401563 4.74841032176991
1.67366878358574 4.03894023666501
1.67464582315584 3.36734129697957
1.67562286272594 2.75391955228753
1.67659990229604 2.21662601241241
1.67757694186615 1.77036691389800
1.67855398143625 1.42643079541348
1.67953102100635 1.19205444727484
1.68050806057645 1.07014445744478
1.68148510014656 1.05916509062124
1.68246213971666 1.15319683862521
1.68343917928676 1.34216341538939
1.68441621885686 1.61221849099215
1.68539325842697 1.94627731562470
1.68637029799707 2.32467281248275
1.68734733756717 2.72591093270989
1.68832437713727 3.12749624984405
1.68930141670738 3.50679607253920
1.69027845627748 3.84190987655841
1.69125549584758 4.11251065703831
1.69223253541768 4.30062588761408
1.69320957498779 4.39132810246591
1.69418661455789 4.37330860120395
1.69516365412799 4.23931228082474
1.69614069369809 3.98641695057838
1.69711773326820 3.61614647872709
1.69809477283830 3.13441352440696
1.69907181240840 2.55129417685316
1.70004885197851 1.88064330550114
1.70102589154861 1.13956556862989
1.70200293111871 0.34776259892834
1.70297997068881 -0.47321833273788
1.70395701025892 -1.30080506317938
1.70493404982902 -2.11225888810898
1.70591108939912 -2.88553724535955
1.70688812896922 -3.60012726761324
1.70786516853933 -4.23781784139081
1.70884220810943 -4.78338015553935
1.70981924767953 -5.22513022765364
1.71079628724963 -5.55535142807733
1.71177332681974 -5.77056040672952
1.71275036638984 -5.87160586412730
1.71372740595994 -5.86359606631907
1.71470444553004 -5.75565764007561
1.71568148510015 -5.56053474927182
1.71665852467025 -5.29404399863576
1.71763556424035 -4.97440610176854
1.71861260381045 -4.62148027197443
1.71958964338056 -4.25593126037868
1.72056668295066 -3.89836182352165
1.72154372252076 -3.56844503805059
1.72252076209086 -3.28409122065443
1.72349780166097 -3.06068322689824
1.72447484123107 -2.91041160554687
1.72545188080117 -2.84173752920284
1.72642892037128 -2.85900670172924
1.72740595994138 -2.96223169142934
1.72838299951148 -3.14705352919988
1.72936003908158 -3.40488615657549
1.73033707865169 -3.72323966640566
1.73131411822179 -4.08621055007620
1.73229115779189 -4.47511969412473
1.73326819736199 -4.86927203577053
1.73424523693210 -5.24680598963558
1.73522227650220 -5.58559638446334
1.73619931607230 -5.86417203550168
1.73717635564240 -6.06260846346398
1.73815339521251 -6.16335774821922
1.73913043478261 -6.15198099137245
1.74010747435271 -6.01775408887320
1.74108451392281 -5.75412405500433
1.74206155349292 -5.35900046097883
1.74303859306302 -4.83487409714971
1.74401563263312 -4.18876223517066
1.74499267220322 -3.43198647418090
1.74596971177333 -2.57979487762131
1.74694675134343 -1.65084487148383
1.74792379091353 -0.66656722420876
1.74890083048363 0.34956553103291
1.74987787005374 1.37284052741493
1.75085490962384 2.37814842330767
1.75183194919394 3.34084114797199
1.75280898876404 4.23757452546614
1.75378602833415 5.04710702891235
1.75476306790425 5.75102699910990
1.75574010747435 6.33438263953988
1.75671714704446 6.78619200842313
1.75769418661456 7.09981404603272
1.75867122618466 7.27316631882466
1.75964826575476 7.30878048941501
1.76062530532487 7.21369234163360
1.76160234489497 6.99916927483903
1.76257938446507 6.68028428152404
1.76355642403517 6.27535128026169
1.76453346360528 5.80524204278507
1.76551050317538 5.29260959983385
1.76648754274548 4.76104673615215
1.76746458231558 4.23421083052561
1.76844162188569 3.73494774709498
1.76941866145579 3.28444767408157
1.77039570102589 2.90146472166067
1.77137274059599 2.60162976977294
1.77234978016610 2.39688258635962
1.77332681973620 2.29504474968565
1.77430385930630 2.29954957800539
1.77528089887640 2.40933930181857
1.77625793844651 2.61893333926618
1.77723497801661 2.91866500053712
1.77821201758671 3.29507750539854
1.77918905715681 3.73146409840720
1.78016609672692 4.20853152500238
1.78114313629702 4.70516140214997
1.78212017586712 5.19924026253066
1.78309721543723 5.66852641678043
1.78407425500733 6.09152036618164
1.78505129457743 6.44830536340655
1.78602833414753 6.72132586721436
1.78700537371764 6.89607402464802
1.78798241328774 6.96165784981101
1.78895945285784 6.91122931601580
1.78993649242794 6.74225596328005
1.79091353199805 6.45662563884491
1.79189057156815 6.06058040333855
1.79286761113825 5.56448220275128
1.79384465070835 4.98241937398924
1.79482169027846 4.33166917069086
1.79579872984856 3.63203703091146
1.79677576941866 2.90509804632370
1.79775280898876 2.17336985149594
1.79872984855887 1.45944878706539
1.79970688812897 0.78514260079435
1.80068392769907 0.17063308142332
1.80166096726917 -0.36629913317924
1.80263800683928 -0.81095772539987
1.80361504640938 -1.15229553782647
1.80459208597948 -1.38333932962948
1.80556912554958 -1.50145808457184
1.80654616511969 -1.50846452434145
1.80752320468979 -1.41054589703262
1.80850024425989 -1.21802667754748
1.80947728383000 -0.94497228180513
1.81045432340010 -0.60864901121514
1.81143136297020 -0.22886097264725
1.81240840254030 0.17281055060213
1.81338544211041 0.57383605160256
1.81436248168051 0.95160322615063
1.81533952125061 1.28428562343089
1.81631656082071 1.55168115234758
1.81729360039082 1.73598823996004
1.81827063996092 1.82248984317945
1.81924767953102 1.80011906687910
1.82022471910112 1.66188470429007
1.82120175867123 1.40514041358257
1.82217879824133 1.03168727032917
1.82315583781143 0.54770585740805
1.82413287738153 -0.03647937511964
1.82510991695164 -0.70679428022337
1.82608695652174 -1.44595239921897
1.82706399609184 -2.23411471971568
1.82804103566194 -3.04964623653425
1.82901807523205 -3.86994000107944
1.82999511480215 -4.67227672643584
1.83097215437225 -5.43468662515235
1.83194919394235 -6.13678004837245
1.83292623351246 -6.76051467385891
1.83390327308256 -7.29086941244424
1.83488031265266 -7.71639877608072
1.83585735222277 -8.02964604067413
1.83683439179287 -8.22739896940956
1.83781143136297 -8.31077793168809
1.83878847093307 -8.28515272954030
1.83976551050318 -8.15989108286128
1.84074255007328 -7.94794827660346
1.84171958964338 -7.66531369036609
1.84269662921348 -7.33033557951006
1.84367366878359 -6.96295034397278
1.84465070835369 -6.58384642171891
1.84562774792379 -6.21359572800553
1.84660478749389 -5.87178711782942
1.84758182706400 -5.57619660707345
1.84855886663410 -5.34202802054327
1.84953590620420 -5.18125535734741
1.85051294577430 -5.10209453235494
1.85148998534441 -5.10862736334802
1.85246702491451 -5.20059486286716
1.85344406448461 -5.37337023701337
1.85442110405471 -5.61811470695205
1.85539814362482 -5.92211161198225
1.85637518319492 -6.26926652980223
1.85735222276502 -6.64075370696501
1.85832926233512 -7.01578231221382
1.85930630190523 -7.37245030607639
1.86028334147533 -7.68864944756504
1.86126038104543 -7.94298246489698
1.86223742061553 -8.11565293211608
1.86321446018564 -8.18929000065990
1.86419149975574 -8.14967373943540
1.86516853932584 -7.98633215996994
1.86614557889595 -7.69298760853726
1.86712261846605 -7.26783755918878
1.86809965803615 -6.71366238373384
1.86907669760625 -6.03775991046843
1.87005373717636 -5.25171314079760
1.87103077674646 -4.37100315623043
1.87200781631656 -3.41448395303029
1.87298485588666 -2.40373973722700
1.87396189545677 -1.36234820658653
1.87493893502687 -0.31507564912452
1.87591597459697 0.71296862862742
1.87689301416707 1.69718995376891
1.87787005373718 2.61434900495552
1.87884709330728 3.44335689088381
1.87982413287738 4.16599702009360
1.88080117244748 4.76754822858112
1.88177821201759 5.23728659840308
1.88275525158769 5.56884727267885
1.88373229115779 5.76043226323850
1.88470933072789 5.81485561148319
1.88568637029800 5.73942310675508
1.88666340986810 5.54564985986527
1.88764044943820 5.24882512167246
1.88861748900830 4.86743957108333
1.88959452857841 4.42249562499205
1.89057156814851 3.93672591648062
1.89154860771861 3.43374875008699
1.89252564728872 2.93719191662283
1.89350268685882 2.46981762297858
1.89447972642892 2.05268140247424
1.89545676599902 1.70435670799737
1.89643380556913 1.44025449433812
1.89741084513923 1.27206355795514
1.89838788470933 1.20733285741368
1.89936492427943 1.24921166114043
1.90034196384954 1.39635736873917
1.90131900341964 1.64301446007274
1.90229604298974 1.97926149002507
1.90327308255984 2.39141661927320
1.90425012212995 2.86258610125517
1.90522716170005 3.37333466767195
1.90620420127015 3.90245208125437
1.90718124084025 4.42778643602796
1.90815828041036 4.92711222470087
1.90913531998046 5.37899985941817
1.91011235955056 5.76365327786824
1.91108939912066 6.06368349427625
1.91206643869077 6.26478841736697
1.91304347826087 6.35631286058445
1.91402051783097 6.33166727539981
1.91499755740107 6.18858916948699
1.91597459697118 5.92923721917965
1.91695163654128 5.56011451744370
1.91792867611138 5.09182396730516
1.91890571568149 4.53866528367633
1.91988275525159 3.91808915564575
1.92085979482169 3.25002961237186
1.92183683439179 2.55614031754766
1.92281387396190 1.85896420990063
1.92379091353200 1.18106846837678
1.92476795310210 0.54417811196004
1.92574499267220 -0.03165840563459
1.92672203224231 -0.52883947887296
1.92769907181241 -0.93288685164500
1.92867611138251 -1.23300228641928
1.92965315095261 -1.42248296151112
1.93063019052272 -1.49897959168046
1.93160723009282 -1.46458731761549
1.93258426966292 -1.32576584275663
1.93356130923302 -1.09309186390538
1.93453834880313 -0.78085329246491
1.93551538837323 -0.40650084781747
1.93649242794333 0.01002191083516
1.93746946751343 0.44704437388191
1.93844650708354 0.88200106843202
1.93942354665364 1.29229826881385
1.94040058622374 1.65618173592464
1.94137762579384 1.95357225220622
1.94235466536395 2.16683686338126
1.94333170493405 2.28146621770021
1.94430874450415 2.28663201304676
1.94528578407426 2.17560318268629
1.94626282364436 1.94600489407816
1.94723986321446 1.59991049271590
1.94821690278456 1.14376296148376
1.94919394235467 0.58812903793179
1.95017098192477 -0.05270441555417
1.95114802149487 -0.76127610867881
1.95212506106497 -1.51761692383536
1.95310210063508 -2.30001158618204
1.95407914020518 -3.08582589075806
1.95505617977528 -3.85236743023637
1.95603321934538 -4.57774645564828
1.95701025891549 -5.24170347491919
1.95798729848559 -5.82637145243554
1.95896433805569 -6.31694296997980
1.95994137762579 -6.70221635092950
1.96091841719590 -6.97499939774328
1.96189545676600 -7.13235487140112
1.96287249633610 -7.17567794326187
1.96384953590620 -7.11060234399281
1.96482657547631 -6.94673857557003
1.96580361504641 -6.69725409037854
1.96678065461651 -6.37831152988541
1.96775769418661 -6.00838672117706
1.96873473375672 -5.60749294138520
1.96971177332682 -5.19634179502148
1.97068881289692 -4.79547375957905
1.97166585246702 -4.42439293143047
1.97264289203713 -4.10074067971914
1.97361993160723 -3.83954176583921
1.97459697117733 -3.65255402790638
1.97557401074744 -3.54774902233251
1.97655105031754 -3.52894615726262
1.97752808988764 -3.59561698358103
1.97850512945774 -3.74286960632342
1.97948216902785 -3.96161586160643
1.98045920859795 -4.23891623378627
1.98143624816805 -4.55848977128204
1.98241328773815 -4.90136884678176
1.98339032730826 -5.24667188183911
1.98436736687836 -5.57246151601094
1.98534440644846 -5.85665153040324
1.98632144601856 -6.07792346168367
1.98729848558867 -6.21661348764082
1.98827552515877 -6.25553190209029
1.98925256472887 -6.18068121885774
1.99022960429897 -5.98184436187823
1.99120664386908 -5.65302106678096
1.99218368343918 -5.19269799931574
1.99316072300928 -4.60394563246471
1.99413776257938 -3.89434212679815
1.99511480214949 -3.07573096474767
1.99609184171959 -2.16382469336955
1.99706888128969 -1.17767177578343
1.99804592085979 -0.13900729336077
1.99902296042990 0.92848881157236
2.00000000000000 1.99999999999992
