     0.000
     0.112
     0.223
     0.333
     0.443
     0.551
     0.657
     0.761
     0.863
     0.962
     1.058
     1.150
     1.239
     1.324
     1.405
     1.481
     1.552
     1.618
     1.679
     1.735
     1.786
     1.830
     1.869
     1.902
     1.929
     1.950
     1.964
     1.973
     1.975
     1.971
     1.961
     1.944
     1.922
     1.893
     1.859
     1.819
     1.774
     1.723
     1.666
     1.605
     1.538
     1.467
     1.392
     1.313
     1.229
     1.142
     1.052
     0.958
     0.862
     0.764
     0.663
     0.561
     0.457
     0.352
     0.247
     0.141
     0.034
    -0.071
    -0.177
    -0.281
    -0.384
    -0.485
    -0.585
    -0.682
    -0.776
    -0.868
    -0.957
    -1.042
    -1.124
    -1.202
    -1.275
    -1.345
    -1.410
    -1.470
    -1.525
    -1.575
    -1.620
    -1.659
    -1.693
    -1.722
    -1.745
    -1.762
    -1.774
    -1.780
    -1.780
    -1.775
    -1.764
    -1.748
    -1.726
    -1.699
    -1.667
    -1.630
    -1.587
    -1.540
    -1.489
    -1.433
    -1.373
    -1.309
    -1.241
    -1.170
    -1.096
    -1.018
    -0.938
    -0.856
    -0.772
    -0.686
    -0.598
    -0.509
    -0.419
    -0.329
    -0.238
    -0.147
    -0.056
     0.033
     0.123
     0.210
     0.297
     0.382
     0.465
     0.545
     0.623
     0.699
     0.771
     0.841
     0.907
     0.970
     1.029
     1.084
     1.135
     1.182
     1.225
     1.263
     1.297
     1.327
     1.352
     1.372
     1.388
     1.400
     1.406
     1.409
     1.406
     1.400
     1.389
     1.373
     1.354
     1.330
     1.302
     1.271
     1.236
     1.197
     1.155
     1.110
     1.062
     1.011
     0.958
     0.902
     0.844
     0.784
     0.722
     0.659
     0.595
     0.530
     0.463
     0.397
     0.330
     0.263
     0.196
     0.129
     0.063
    -0.002
    -0.066
    -0.129
    -0.190
    -0.250
    -0.308
    -0.365
    -0.419
    -0.470
    -0.520
    -0.566
    -0.610
    -0.652
    -0.690
    -0.725
    -0.758
    -0.787
    -0.813
    -0.836
    -0.855
    -0.872
    -0.885
    -0.895
    -0.902
    -0.905
    -0.906
    -0.903
    -0.898
    -0.889
    -0.878
    -0.864
    -0.847
    -0.828
    -0.807
    -0.783
    -0.757
    -0.730
    -0.700
    -0.669
    -0.637
    -0.603
    -0.567
    -0.531
    -0.494
    -0.457
    -0.418
    -0.380
    -0.341
    -0.302
    -0.264
    -0.225
    -0.187
    -0.150
    -0.113
    -0.078
    -0.043
    -0.009
     0.024
     0.055
     0.085
     0.114
     0.141
     0.166
     0.190
     0.212
     0.232
     0.251
     0.267
     0.282
     0.295
     0.306
     0.316
     0.323
     0.329
     0.333
     0.335
     0.335
     0.334
     0.332
     0.328
     0.322
     0.315
     0.307
     0.298
     0.288
     0.277
     0.265
     0.252
     0.239
     0.225
     0.211
     0.197
     0.182
     0.167
     0.153
     0.138
     0.124
     0.110
     0.096
     0.084
     0.071
     0.060
     0.049
     0.039
     0.030
     0.022
     0.015
     0.010
     0.005
     0.002
    -0.001
    -0.001
    -0.001
     0.001
     0.003
     0.008
     0.013
     0.019
     0.027
     0.036
     0.046
     0.057
     0.069
     0.081
     0.095
     0.109
     0.124
     0.140
     0.156
     0.172
     0.188
     0.205
     0.221
     0.238
     0.254
     0.270
     0.286
     0.300
     0.315
     0.328
     0.341
     0.352
     0.362
     0.372
     0.379
     0.386
     0.391
     0.394
     0.395
     0.395
     0.393
     0.389
     0.384
     0.376
     0.367
     0.355
     0.341
     0.326
     0.308
     0.289
     0.267
     0.244
     0.219
     0.192
     0.163
     0.133
     0.101
     0.067
     0.032
    -0.004
    -0.041
    -0.080
    -0.119
    -0.159
    -0.200
    -0.241
    -0.282
    -0.324
    -0.366
    -0.407
    -0.449
    -0.489
    -0.529
    -0.569
    -0.607
    -0.644
    -0.680
    -0.715
    -0.747
    -0.778
    -0.808
    -0.834
    -0.859
    -0.881
    -0.901
    -0.918
    -0.933
    -0.944
    -0.953
    -0.959
    -0.961
    -0.960
    -0.956
    -0.949
    -0.939
    -0.925
    -0.907
    -0.887
    -0.863
    -0.835
    -0.805
    -0.771
    -0.734
    -0.694
    -0.651
    -0.605
    -0.556
    -0.505
    -0.451
    -0.395
    -0.336
    -0.276
    -0.213
    -0.149
    -0.084
    -0.017
     0.051
     0.120
     0.189
     0.259
     0.329
     0.399
     0.468
     0.537
     0.606
     0.673
     0.738
     0.803
     0.865
     0.926
     0.984
     1.040
     1.093
     1.143
     1.190
     1.234
     1.275
     1.311
     1.344
     1.373
     1.398
     1.418
     1.435
     1.446
     1.454
     1.456
     1.454
     1.447
     1.436
     1.420
     1.399
     1.373
     1.343
     1.308
     1.269
     1.225
     1.177
     1.124
     1.068
     1.007
     0.943
     0.875
     0.804
     0.730
     0.653
     0.573
     0.490
     0.406
     0.319
     0.231
     0.141
     0.050
    -0.042
    -0.134
    -0.227
    -0.320
    -0.412
    -0.504
    -0.594
    -0.684
    -0.772
    -0.858
    -0.942
    -1.024
    -1.103
    -1.178
    -1.251
    -1.320
    -1.386
    -1.447
    -1.505
    -1.558
    -1.606
    -1.649
    -1.688
    -1.721
    -1.750
    -1.772
    -1.790
    -1.801
    -1.808
    -1.808
    -1.803
    -1.792
    -1.775
    -1.753
    -1.725
    -1.691
    -1.652
    -1.607
    -1.557
    -1.502
    -1.442
    -1.377
    -1.308
    -1.234
    -1.156
    -1.073
    -0.987
    -0.898
    -0.806
    -0.710
    -0.612
    -0.512
    -0.409
    -0.305
    -0.200
    -0.093
     0.014
     0.121
     0.228
     0.335
     0.442
     0.547
     0.650
     0.752
     0.852
     0.950
     1.044
     1.136
     1.224
     1.309
     1.390
     1.466
     1.538
     1.605
     1.668
     1.725
     1.777
     1.824
     1.864
     1.899
     1.929
     1.952
     1.969
     1.979
     1.984
     1.982
     1.974
     1.960
     1.940
     1.914
     1.881
     1.843
     1.799
     1.749
     1.694
     1.633
     1.567
     1.496
     1.420
     1.340
     1.256
     1.168
     1.076
     0.980
     0.882
     0.780
     0.677
     0.571
     0.463
     0.354
     0.244
     0.133
     0.022
    -0.090
    -0.201
    -0.311
    -0.420
    -0.528
    -0.635
    -0.739
    -0.841
    -0.940
    -1.036
    -1.128
    -1.217
    -1.303
    -1.383
    -1.460
    -1.532
    -1.599
    -1.661
    -1.717
    -1.768
    -1.814
    -1.853
    -1.887
    -1.915
    -1.936
    -1.952
    -1.961
    -1.964
    -1.961
    -1.952
    -1.937
    -1.916
    -1.888
    -1.855
    -1.816
    -1.772
    -1.721
    -1.666
    -1.606
    -1.540
    -1.471
    -1.396
    -1.318
    -1.235
    -1.149
    -1.060
    -0.967
    -0.872
    -0.775
    -0.675
    -0.574
    -0.471
    -0.367
    -0.262
    -0.157
    -0.052
     0.052
     0.157
     0.260
     0.362
     0.462
     0.561
     0.657
     0.751
     0.842
     0.929
     1.014
     1.095
     1.172
     1.245
     1.313
     1.378
     1.437
     1.492
     1.541
     1.586
     1.625
     1.659
     1.688
     1.711
     1.728
     1.740
     1.747
     1.748
     1.743
     1.733
     1.718
     1.697
     1.671
     1.640
     1.604
     1.563
     1.518
     1.468
     1.414
     1.355
     1.293
     1.228
     1.159
     1.086
     1.011
     0.933
     0.853
     0.771
     0.687
     0.602
     0.515
     0.427
     0.339
     0.251
     0.162
     0.074
    -0.014
    -0.101
    -0.187
    -0.272
    -0.355
    -0.436
    -0.515
    -0.591
    -0.665
    -0.736
    -0.804
    -0.869
    -0.931
    -0.988
    -1.043
    -1.093
    -1.139
    -1.181
    -1.219
    -1.253
    -1.282
    -1.306
    -1.327
    -1.343
    -1.354
    -1.361
    -1.363
    -1.361
    -1.355
    -1.345
    -1.330
    -1.311
    -1.288
    -1.262
    -1.231
    -1.197
    -1.160
    -1.120
    -1.076
    -1.030
    -0.981
    -0.929
    -0.875
    -0.819
    -0.762
    -0.702
    -0.642
    -0.580
    -0.517
    -0.454
    -0.390
    -0.325
    -0.261
    -0.197
    -0.134
    -0.071
    -0.008
     0.053
     0.113
     0.171
     0.228
     0.283
     0.336
     0.388
     0.437
     0.483
     0.527
     0.569
     0.608
     0.644
     0.677
     0.708
     0.735
     0.760
     0.781
     0.799
     0.815
     0.827
     0.836
     0.842
     0.846
     0.846
     0.843
     0.838
     0.830
     0.820
     0.806
     0.791
     0.773
     0.753
     0.731
     0.706
     0.681
     0.653
     0.624
     0.593
     0.562
     0.529
     0.495
     0.461
     0.426
     0.390
     0.355
     0.319
     0.283
     0.247
     0.212
     0.177
     0.143
     0.109
     0.076
     0.045
     0.014
    -0.016
    -0.044
    -0.071
    -0.097
    -0.121
    -0.143
    -0.164
    -0.183
    -0.201
    -0.216
    -0.230
    -0.243
    -0.253
    -0.262
    -0.269
    -0.274
    -0.278
    -0.280
    -0.280
    -0.279
    -0.276
    -0.272
    -0.267
    -0.261
    -0.253
    -0.244
    -0.235
    -0.224
    -0.213
    -0.201
    -0.189
    -0.176
    -0.163
    -0.149
    -0.136
    -0.123
    -0.109
    -0.096
    -0.084
    -0.071
    -0.060
    -0.049
    -0.038
    -0.029
    -0.020
    -0.012
    -0.005
     0.000
     0.005
     0.008
     0.011
     0.012
     0.012
     0.010
     0.007
     0.003
    -0.002
    -0.008
    -0.016
    -0.025
    -0.035
    -0.046
    -0.059
    -0.072
    -0.086
    -0.101
    -0.116
    -0.133
    -0.150
    -0.167
    -0.185
    -0.203
    -0.221
    -0.240
    -0.258
    -0.276
    -0.294
    -0.312
    -0.329
    -0.345
    -0.361
    -0.375
    -0.389
    -0.402
    -0.414
    -0.424
    -0.433
    -0.440
    -0.446
    -0.450
    -0.452
    -0.453
    -0.452
    -0.448
    -0.443
    -0.436
    -0.426
    -0.415
    -0.402
    -0.386
    -0.368
    -0.348
    -0.326
    -0.302
    -0.276
    -0.249
    -0.219
    -0.187
    -0.154
    -0.119
    -0.082
    -0.044
    -0.005
     0.035
     0.077
     0.119
     0.163
     0.207
     0.251
     0.296
     0.341
     0.385
     0.430
     0.474
     0.518
     0.561
     0.603
     0.644
     0.684
     0.722
     0.759
     0.794
     0.827
     0.858
     0.886
     0.912
     0.936
     0.957
     0.975
     0.990
     1.002
     1.011
     1.017
     1.019
     1.018
     1.014
     1.006
     0.995
     0.980
     0.961
     0.940
     0.914
     0.885
     0.853
     0.817
     0.778
     0.736
     0.691
     0.643
     0.592
     0.538
     0.481
     0.423
     0.361
     0.298
     0.233
     0.167
     0.098
     0.029
    -0.042
    -0.113
    -0.185
    -0.257
    -0.330
    -0.402
    -0.474
    -0.546
    -0.616
    -0.685
    -0.754
    -0.820
    -0.885
    -0.947
    -1.007
    -1.065
    -1.120
    -1.172
    -1.221
    -1.266
    -1.308
    -1.346
    -1.380
    -1.411
    -1.437
    -1.458
    -1.475
    -1.488
    -1.496
    -1.499
    -1.498
    -1.491
    -1.480
    -1.464
    -1.443
    -1.418
    -1.387
    -1.352
    -1.312
    -1.268
    -1.219
    -1.166
    -1.108
    -1.047
    -0.982
    -0.913
    -0.840
    -0.765
    -0.686
    -0.604
    -0.520
    -0.434
    -0.345
    -0.255
    -0.163
    -0.070
     0.024
     0.119
     0.214
     0.308
     0.403
     0.497
     0.590
     0.681
     0.771
     0.860
