   1.2246468e-16   0.0000000e+00  -9.7971744e-17
  -1.9327477e-02   5.1415253e-03   2.0565416e-01
  -3.4710453e-02   1.9873881e-02   3.9742461e-01
  -4.2648414e-02   4.2190436e-02   5.6237037e-01
  -4.0486822e-02   6.8973942e-02   6.8937152e-01
  -2.6738738e-02   9.6315675e-02   7.6988319e-01
  -1.2947569e-03   1.1992102e-01   7.9851389e-01
   3.4500332e-02   1.3556450e-01   7.7338862e-01
   7.7913966e-02   1.3955231e-01   6.9627236e-01
   1.2503245e-01   1.2914915e-01   5.7244558e-01
   1.7109226e-01   1.0292853e-01   4.1034081e-01
   2.1090916e-01   6.1011690e-02   2.2096513e-01
   2.3936860e-01   5.1694067e-03   1.7148566e-02
   2.5193496e-01  -6.1227585e-02  -1.8733009e-01
   2.4513400e-01  -1.3341082e-01  -3.7868018e-01
   2.1696394e-01  -2.0555698e-01  -5.4403463e-01
   1.6719566e-01  -2.7124670e-01  -6.7232026e-01
   9.7530455e-02  -3.2400383e-01  -7.5500367e-01
   1.1595143e-02  -3.5787135e-01  -7.8666215e-01
  -8.5232323e-02  -3.6797579e-01  -7.6534130e-01
  -1.8615979e-01  -3.5103069e-01  -6.9267550e-01
  -2.8345911e-01  -3.0573363e-01  -5.7376395e-01
  -3.6905197e-01  -2.3301785e-01  -4.1681147e-01
  -4.3515908e-01  -1.3613073e-01  -2.3255963e-01
  -4.7496201e-01  -2.0524141e-02  -3.3547593e-02
  -4.8322329e-01   1.0644307e-01   1.6674594e-01
  -4.5681226e-01   2.3597500e-01   3.5482089e-01
  -3.9508934e-01   3.5845091e-01   5.1807099e-01
  -3.0011113e-01   4.6413693e-01   6.4563373e-01
  -1.7663158e-01   5.4394484e-01   7.2911733e-01
  -3.1889834e-02   5.9017947e-01   7.6315592e-01
   1.2480809e-01   5.9721523e-01   7.4575579e-01
   2.8269015e-01   5.6204516e-01   6.7841054e-01
   4.3026261e-01   4.8465413e-01   5.6597832e-01
   5.5614620e-01   3.6817926e-01   4.1633121e-01
   6.4994332e-01   2.1883626e-01   2.3980184e-01
   7.0307078e-01   4.5607301e-02   4.8466478e-02
   7.0949282e-01  -1.4029548e-01  -1.4468554e-01
   6.6629440e-01  -3.2615909e-01  -3.2663866e-01
   5.7404470e-01  -4.9864377e-01  -4.8523324e-01
   4.3691512e-01  -6.4474162e-01  -6.0998294e-01
   2.6253325e-01  -7.5275087e-01  -6.9277205e-01
   6.1573760e-02  -8.1319310e-01  -7.2838611e-01
  -1.5289322e-01  -8.1960279e-01  -7.1484101e-01
  -3.6625636e-01  -7.6912547e-01  -6.5348962e-01
  -5.6336417e-01  -6.6287319e-01  -5.4890073e-01
  -7.2960365e-01  -5.0600217e-01  -4.0852028e-01
  -8.5197967e-01  -3.0749730e-01  -2.4214011e-01
  -9.2011567e-01  -7.9669162e-02  -6.1212065e-02
  -9.2709935e-01   1.6260905e-01   1.2194426e-01
  -8.7010632e-01   4.0287762e-01   2.9498501e-01
  -7.5074895e-01   6.2421480e-01   4.4637889e-01
  -5.7511597e-01   8.1043267e-01   5.6618002e-01
  -3.5349052e-01   9.4725936e-01   6.4668500e-01
  -9.9756896e-02   1.0234216e+00   6.8293030e-01
   1.6947029e-01   1.0315462e+00   6.7299784e-01
   4.3593989e-01   9.6880933e-01   6.1810993e-01
   6.8100853e-01   8.3728034e-01   5.2250947e-01
   8.8695018e-01   6.4392572e-01   3.9313597e-01
   1.0382386e+00   4.0026368e-01   2.3912198e-01
   1.1227098e+00   1.2168458e-01   7.1146342e-02
   1.1325185e+00  -1.7352348e-01  -9.9309657e-02
   1.0648132e+00  -4.6538177e-01  -2.6075131e-01
   9.2207666e-01  -7.3358082e-01  -4.0245015e-01
   7.1209591e-01  -9.5889989e-01  -5.1516102e-01
   4.4755745e-01  -1.1245864e+00  -5.9172846e-01
   1.4528494e-01  -1.2175966e+00  -6.2754225e-01
  -1.7483398e-01  -1.2296046e+00  -6.2081319e-01
  -4.9116348e-01  -1.1577051e+00  -5.7265260e-01
  -7.8179024e-01  -1.0047499e+00  -4.8695308e-01
  -1.0260487e+00  -7.7928800e-01  -3.7008133e-01
  -1.2059939e+00  -4.9510379e-01  -2.3040711e-01
  -1.3077172e+00  -1.7037682e-01  -7.7702910e-02
  -1.3224081e+00   1.7348542e-01   7.7542527e-02
  -1.2470822e+00   5.1326676e-01   2.2484838e-01
  -1.0849167e+00   8.2551889e-01   3.5445343e-01
  -8.4516206e-01   1.0881875e+00   4.5796659e-01
  -5.4262734e-01   1.2821750e+00   5.2891280e-01
  -1.9676620e-01   1.3927278e+00   5.6313838e-01
   1.6957906e-01   1.4105495e+00   5.5905068e-01
   5.3169476e-01   1.3325538e+00   5.1767830e-01
   8.6467267e-01   1.1622000e+00   4.4255102e-01
   1.1451322e+00   9.0937850e-01   3.3941098e-01
   1.3528679e+00   5.8984691e-01   2.1577800e-01
   1.4723066e+00   2.2424736e-01   8.0401884e-02
   1.4936680e+00  -1.6323309e-01  -5.7358658e-02
   1.4137433e+00  -5.4647170e-01  -1.8818611e-01
   1.2362312e+00  -8.9918146e-01  -3.0343798e-01
   9.7159981e-01  -1.1967236e+00  -3.9572097e-01
   6.3647701e-01  -1.4178360e+00  -4.5936713e-01
   2.5260407e-01  -1.5461550e+00  -4.9078124e-01
  -1.5458174e-01  -1.5714226e+00  -4.8863807e-01
  -5.5764249e-01  -1.4902894e+00  -4.5391933e-01
  -9.2899919e-01  -1.3066517e+00  -3.8979109e-01
  -1.2428291e+00  -1.0314923e+00  -3.0133400e-01
  -1.4768691e+00  -6.8222934e-01  -1.9514812e-01
  -1.6139996e+00  -2.8161090e-01  -7.8862863e-02
  -1.6434947e+00   1.4377441e-01   3.9411815e-02
  -1.5618485e+00   5.6527220e-01   1.5165339e-01
  -1.3731146e+00   9.5410373e-01   2.5047405e-01
  -1.0887277e+00   1.2833416e+00   3.2960967e-01
  -7.2681444e-01   1.5297835e+00   3.8431797e-01
  -3.1103451e-01   1.6755924e+00   4.1166049e-01
   1.3097464e-01   1.7095882e+00   4.1065171e-01
   5.6944545e-01   1.6280958e+00   3.8226858e-01
   9.7449669e-01   1.4352869e+00   3.2932353e-01
   1.3181811e+00   1.1429851e+00   2.5621367e-01
   1.5764233e+00   7.6994321e-01   1.6856734e-01
   1.7307126e+00   3.4063503e-01   7.2815707e-02
   1.7694320e+00  -1.1635903e-01  -2.4278238e-02
   1.6887271e+00  -5.7026570e-01  -1.1609882e-01
   1.4928504e+00  -9.9020316e-01  -1.9663096e-01
   1.1939525e+00  -1.3472939e+00  -2.6085635e-01
   8.1132861e-01  -1.6166606e+00  -3.0506626e-01
   3.7016755e-01  -1.7791670e+00  -3.2707153e-01
  -1.0011608e-01  -1.8227805e+00  -3.2629814e-01
  -5.6785440e-01  -1.7434601e+00  -3.0376535e-01
  -1.0012712e+00  -1.5455040e+00  -2.6195193e-01
  -1.3706528e+00  -1.2413283e+00  -2.0456401e-01
  -1.6503960e+00  -8.5068716e-01  -1.3622441e-01
  -1.8207911e+00  -3.9938348e-01  -6.2108856e-02
  -1.8694149e+00   8.2444979e-02   1.2443001e-02
  -1.7920359e+00   5.6235011e-01   8.2312578e-02
  -1.5929650e+00   1.0077713e+00   1.4295563e-01
  -1.2848235e+00   1.3882572e+00   1.9069927e-01
  -8.8774064e-01   1.6775589e+00   2.2296329e-01
  -4.2803214e-01   1.8554494e+00   2.3839242e-01
   6.3554313e-02   1.9091442e+00   2.3689347e-01
   5.5390749e-01   1.8342203e+00   2.1957835e-01
   1.0097959e+00   1.6349705e+00   1.8862111e-01
   1.4001326e+00   1.3241624e+00   1.4704328e-01
   1.6981072e+00   9.2221764e-01   9.8446513e-02
   1.8830362e+00   4.5586220e-01   4.6714997e-02
   1.9418060e+00  -4.3660728e-02  -4.2885467e-03
   1.8698047e+00  -5.4269620e-01  -5.1009862e-02
   1.6712786e+00  -1.0074582e+00  -9.0451903e-02
   1.3590850e+00  -1.4063302e+00  -1.2036785e-01
   9.5385511e-01  -1.7120279e+00  -1.3938593e-01
   4.8262321e-01  -1.9034758e+00  -1.4705930e-01
  -2.2987549e-02  -1.9672673e+00  -1.4384056e-01
  -5.2889977e-01  -1.8986073e+00  -1.3098623e-01
  -1.0008919e+00  -1.7016703e+00  -1.1040208e-01
  -1.4069264e+00  -1.3893479e+00  -8.4444469e-02
  -1.7193367e+00  -9.8239993e-01  -5.5695839e-02
  -1.9167228e+00  -5.0806717e-01  -2.6733954e-02
  -1.9854252e+00   1.7633696e-03   8.5620284e-05
  -1.9204742e+00   5.1271434e-01   2.2816185e-02
  -1.7259500e+00   9.9024960e-01   4.0061173e-02
  -1.4147257e+00   1.4020221e+00   5.1059770e-02
  -1.0076104e+00   1.7200773e+00   5.5711653e-02
  -5.3194998e-01   1.9227621e+00   5.4540951e-02
  -1.9779405e-02   1.9962070e+00   4.8604719e-02
   4.9434741e-01   1.9352799e+00   3.9355900e-02
   9.7570226e-01   1.7439471e+00   2.8474453e-02
   1.3917421e+00   1.4350127e+00   1.7682839e-02
   1.7143217e+00   1.0292576e+00   8.5631457e-03
   1.9216090e+00   5.5403299e-01   2.3927015e-03
   1.9995707e+00   4.1406022e-02   1.3189093e-05
   1.9429281e+00  -4.7401645e-01   1.7451263e-03
   1.7555164e+00  -9.5743776e-01   7.3554330e-03
   1.4500238e+00  -1.3762342e+00   1.6081009e-02
   1.0471271e+00  -1.7021693e+00   2.6706199e-02
   5.7408448e-01  -1.9133089e+00   3.7687148e-02
   6.2880866e-02  -1.9955055e+00   4.7311791e-02
  -4.5194755e-01  -1.9433521e+00   5.3880883e-02
  -9.3565977e-01  -1.7605398e+00   5.5893413e-02
  -1.3556680e+00  -1.4595956e+00   5.2219096e-02
  -1.6837460e+00  -1.0610197e+00   4.2241483e-02
  -1.8979369e+00  -5.9188111e-01   2.5957504e-02
  -1.9840312e+00  -8.3968947e-02   4.0228350e-03
  -1.9365155e+00   4.2837394e-01  -2.2263016e-02
  -1.7589261e+00   9.1058648e-01  -5.1032852e-02
  -1.4635876e+00   1.3302343e+00  -7.9984751e-02
  -1.0707534e+00   1.6592039e+00  -1.0656237e-01
  -6.0720931e-01   1.8755975e+00  -1.2816869e-01
  -1.0443739e-01   1.9651988e+00  -1.4239591e-01
   4.0353458e-01   1.9224121e+00  -1.4725229e-01
   8.8244919e-01   1.7506123e+00  -1.4136623e-01
   1.3001432e+00   1.4618831e+00  -1.2414901e-01
   1.6287200e+00   1.0761640e+00  -9.5900598e-02
   1.8464241e+00   6.1986670e-01  -5.7846837e-02
   1.9390896e+00   1.2405689e-01  -1.2101643e-02
   1.9010664e+00  -3.7767262e-01   3.8446144e-02
   1.7355639e+00  -8.5149096e-01   9.0315616e-02
   1.4543899e+00  -1.2656235e+00   1.3967472e-01
   1.0771066e+00  -1.5924954e+00   1.8262250e-01
   6.2966336e-01  -1.8105780e+00   2.1549192e-01
   1.4260322e-01  -1.9058153e+00   2.3515012e-01
  -3.5103393e-01  -1.8725333e+00   2.3927207e-01
  -8.1796507e-01  -1.7137750e+00   2.2656508e-01
  -1.2269213e+00  -1.4410411e+00   1.9692424e-01
  -1.5507540e+00  -1.0734562e+00   1.5150382e-01
  -1.7682477e+00  -6.3642313e-01   9.2695366e-02
  -1.8655174e+00  -1.5985858e-01   2.4010373e-02
  -1.8368980e+00   3.2386554e-01  -5.0127561e-02
  -1.6852690e+00   7.8213359e-01  -1.2466886e-01
  -1.4217958e+00   1.1842982e+00  -1.9428380e-01
  -1.0651093e+00   1.5037416e+00  -2.5374428e-01
  -6.3998477e-01   1.7196480e+00  -2.9831406e-01
  -1.7561305e-01   1.8183663e+00  -3.2411852e-01
   2.9641420e-01   1.7942759e+00  -3.2846556e-01
   7.4426579e-01   1.6500982e+00  -3.1009179e-01
   1.1380300e+00   1.3966392e+00  -2.6931300e-01
   1.4517241e+00   1.0519839e+00  -2.0806446e-01
   1.6650186e+00   6.4020308e-01  -1.2982409e-01
   1.7645608e+00   1.8966594e-01  -3.9420101e-02
   1.7448119e+00  -2.6892480e-01   5.7266535e-02
   1.6083441e+00  -7.0463657e-01   1.5368658e-01
   1.3655835e+00  -1.0884055e+00   2.4306868e-01
   1.0340206e+00  -1.3949866e+00   3.1889669e-01
   6.3694995e-01  -1.6046234e+00   3.7538420e-01
   2.0182705e-01  -1.7043270e+00   4.0791205e-01
  -2.4163895e-01  -1.6886801e+00   4.1339570e-01
  -6.6352491e-01  -1.5601172e+00   3.9055396e-01
  -1.0357245e+00  -1.3286674e+00   3.4005681e-01
  -1.3338315e+00  -1.0111835e+00   2.6453809e-01
  -1.5387490e+00  -6.3011530e-01   1.6846837e-01
  -1.6379176e+00  -2.1191796e-01   5.7893307e-02
  -1.6260829e+00   2.1479346e-01  -5.9947497e-02
  -1.5055563e+00   6.2121225e-01  -1.7709705e-01
  -1.2859569e+00   9.8029613e-01  -2.8542137e-01
  -9.8345999e-01   1.2685770e+00  -3.7717677e-01
  -6.1960795e-01   1.4677030e+00  -4.4556448e-01
  -2.1977315e-01   1.5656103e+00  -4.8523256e-01
   1.8861895e-01   1.5572504e+00  -4.9268838e-01
   5.7798093e-01   1.4448286e+00  -4.6659014e-01
   9.2243769e-01   1.2375449e+00  -4.0789392e-01
   1.1995560e+00   9.5086182e-01  -3.1984254e-01
   1.3918130e+00   6.0535633e-01  -2.0779340e-01
   1.4877068e+00   2.2524119e-01  -7.8893877e-02
   1.4824391e+00  -1.6333845e-01   5.8376148e-02
   1.3781288e+00  -5.3411255e-01   1.9476528e-01
   1.1835509e+00  -8.6247244e-01   3.2087774e-01
   9.1342487e-01  -1.1271136e+00   4.2782388e-01
   5.8730923e-01  -1.3114246e+00   5.0784889e-01
   2.2818568e-01  -1.4045315e+00   5.5489506e-01
  -1.3916606e-01  -1.4019311e+00   5.6505683e-01
  -4.8988647e-01  -1.3056785e+00   5.3689464e-01
  -8.0072820e-01  -1.1241211e+00   4.7158297e-01
  -1.0516059e+00  -8.7120947e-01   3.7287912e-01
  -1.2269001e+00  -5.6543626e-01   2.4691155e-01
  -1.3164297e+00  -2.2848626e-01   1.0179945e-01
  -1.3160331e+00   1.1630566e-01  -5.2872838e-02
  -1.2277251e+00   4.4557819e-01  -2.0669247e-01
  -1.0594276e+00   7.3753549e-01  -3.4912319e-01
  -8.2430041e-01   9.7339822e-01  -4.7023093e-01
  -5.3972836e-01   1.1386166e+00  -5.6137956e-01
  -2.2603945e-01   1.2237665e+00  -6.1584798e-01
   9.4949688e-02   1.2250745e+00  -6.2932443e-01
   4.0145791e-01   1.1445414e+00  -6.0024158e-01
   6.7322592e-01   9.8966787e-01  -5.2992681e-01
   8.9286302e-01   7.7280677e-01  -4.2255457e-01
   1.0469641e+00   5.1019810e-01  -2.8490108e-01
   1.1269250e+00   2.2075941e-01  -1.2591580e-01
   1.1294065e+00  -7.5278010e-02   4.3863355e-02
   1.0564239e+00  -3.5778903e-01   2.1301253e-01
   9.1506444e-01  -6.0813046e-01   3.6999506e-01
   7.1686169e-01  -8.1037836e-01   5.0395267e-01
   4.7687990e-01  -9.5234409e-01   6.0546018e-01
   2.1257861e-01  -1.0263042e+00   6.6719087e-01
  -5.7456815e-02  -1.0294005e+00   6.8444567e-01
  -3.1482670e-01  -9.6369205e-01   6.5550770e-01
  -5.4257773e-01  -8.3586366e-01   5.8179564e-01
  -7.2632593e-01  -6.5662203e-01   4.6780317e-01
  -8.5516722e-01  -4.3983016e-01   3.2082597e-01
  -9.2231766e-01  -2.0144840e-01   1.5049308e-01
  -9.2544632e-01   4.1637628e-02  -3.1867350e-02
  -8.6668663e-01   2.7281652e-01  -2.1398586e-01
  -7.5233500e-01   4.7689238e-01  -3.8348198e-01
  -5.9226788e-01   6.4108923e-01  -5.2871063e-01
  -3.9912720e-01   7.5585166e-01  -6.3956630e-01
  -1.8733947e-01   8.1539164e-01  -7.0818934e-01
   2.7956406e-02   8.1795072e-01  -7.2952471e-01
   2.3199317e-01   7.6576858e-01  -7.0169339e-01
   4.1139349e-01   6.6476992e-01  -6.2614929e-01
   5.5505175e-01   5.2400191e-01  -5.0760882e-01
   6.5482107e-01   3.5487117e-01  -3.5375628e-01
   7.0596289e-01   1.7024218e-01  -1.7474333e-01
   7.0733551e-01  -1.6532710e-02   1.7484651e-02
   6.6131739e-01  -1.9257921e-01   2.0999034e-01
   5.7348076e-01  -3.4639293e-01   3.8972024e-01
   4.5204870e-01  -4.6859519e-01   5.4439490e-01
   3.0718377e-01  -5.5250272e-01   6.6335239e-01
   1.5016685e-01  -5.9447692e-01   7.3828695e-01
  -7.4689916e-03  -5.9403575e-01   7.6383132e-01
  -1.5478390e-01  -5.5372951e-01   7.3794174e-01
  -2.8219391e-01  -4.7879948e-01   6.6205804e-01
  -3.8209759e-01  -3.7665385e-01   5.4102642e-01
  -4.4932548e-01  -2.5620790e-01   3.8278888e-01
  -4.8138597e-01  -1.2714386e-01   1.9785917e-01
  -4.7849790e-01   8.4996334e-04  -1.3797804e-03
  -4.4341669e-01   1.1880218e-01  -2.0150994e-01
  -3.8107630e-01   2.1908948e-01  -3.8898705e-01
  -2.9808309e-01   2.9593164e-01  -5.5106256e-01
  -2.0210716e-01   3.4571792e-01  -6.7665542e-01
  -1.0122366e-01   3.6714699e-01  -7.5711373e-01
  -3.2579172e-03   3.6117784e-01  -7.8681384e-01
   8.4813582e-02   3.3080418e-01  -7.6355495e-01
   1.5736112e-01   2.8067820e-01  -6.8872165e-01
   2.1046293e-01   2.1662113e-01  -5.6720226e-01
   2.4210636e-01   1.4506529e-01  -4.0706785e-01
   2.5221962e-01   7.2476692e-02  -2.1903307e-01
   2.4253888e-01   4.8068621e-03  -1.5734994e-02
   2.1632898e-01  -5.2981426e-02   1.8912112e-01
   1.7798745e-01  -9.7277436e-02   3.8169113e-01
   1.3257058e-01  -1.2604826e-01   5.4893301e-01
   8.5285391e-02  -1.3891294e-01   6.7949519e-01
   4.0993172e-02  -1.3706418e-01   7.6449141e-01
   3.7680583e-03  -1.2304976e-01   7.9810890e-01
  -2.3451966e-02  -1.0043789e-01   7.7800811e-01
  -3.9092910e-02  -7.3399934e-02   7.0548616e-01
  -4.3034062e-02  -4.6250670e-02   5.8539282e-01
  -3.6553774e-02  -2.2989183e-02   4.2580427e-01
  -2.2139598e-02  -6.8827747e-03   2.3747682e-01
  -3.1825753e-03  -1.3186262e-04   3.3117686e-02
   1.6414376e-02  -3.6462967e-03  -1.7347737e-01
   3.2676521e-02  -1.6953274e-02  -3.6836074e-01
   4.2004151e-02  -3.8245163e-02  -5.3838009e-01
   4.1583963e-02  -6.4562918e-02  -6.7207109e-01
   2.9725804e-02  -9.2098547e-02  -7.6043498e-01
   6.0921136e-03  -1.1658923e-01  -7.9754777e-01
  -2.8203208e-02  -1.3376718e-01  -7.8095976e-01
  -7.0638294e-02  -1.3982392e-01  -7.1185813e-01
  -1.1746834e-01  -1.3184559e-01  -5.9498186e-01
  -1.6403859e-01  -1.0817803e-01  -4.3829496e-01
  -2.0520006e-01  -6.8685389e-02  -2.5244087e-01
  -2.3579298e-01  -1.4875032e-02  -5.0015307e-02
  -2.5115599e-01   5.0127454e-02   1.5529218e-01
  -2.4761591e-01   1.2175667e-01   3.4962939e-01
  -2.2291307e-01   1.9432919e-01   5.1992145e-01
  -1.7652150e-01   2.6148609e-01   6.5475569e-01
  -1.0983098e-01   3.1672208e-01   7.4515090e-01
  -2.6168966e-02   3.5395880e-01   7.8515916e-01
   6.9346941e-02   3.6811434e-01   7.7225928e-01
   1.7012112e-01   3.5561965e-01   7.0751609e-01
   2.6853759e-01   3.1483530e-01   5.9549514e-01
   3.5653138e-01   2.4632851e-01   4.4393970e-01
   4.2623098e-01   1.5298049e-01   2.6323297e-01
   4.7062168e-01   3.9907151e-02   6.5682857e-02
   4.8417595e-01  -8.5809066e-02  -1.3532092e-01
   4.6339772e-01  -2.1556337e-01  -3.2621959e-01
   4.0723193e-01  -3.3982074e-01  -4.9420520e-01
   3.1730021e-01  -4.4881507e-01  -6.2808504e-01
   1.9793561e-01  -5.3330426e-01  -7.1903172e-01
   5.6004343e-02  -5.8532345e-01  -7.6116849e-01
  -9.9480872e-02  -5.9887675e-01  -7.5195075e-01
  -2.5793480e-01  -5.7051009e-01  -6.9231877e-01
  -4.0792435e-01  -4.9971527e-01  -5.8661266e-01
  -5.3799399e-01  -3.8912610e-01  -4.4225667e-01
  -6.3753235e-01  -2.4448278e-01  -2.6923588e-01
  -6.9761485e-01  -7.4357283e-02  -7.9402171e-02
  -7.1175686e-01   1.1034910e-01   1.1434190e-01
  -6.7651603e-01   2.9710696e-01   2.9892505e-01
  -5.9189206e-01   4.7261360e-01   4.6199423e-01
  -4.6148549e-01   6.2374258e-01   5.9274620e-01
  -2.9239419e-01   7.3852035e-01   6.8264737e-01
  -9.4845275e-02   8.0705741e-01   7.2599363e-01
   1.1842010e-01   8.2236272e-01   7.2027336e-01
   3.3297209e-01   7.8097612e-01   6.6631022e-01
   5.3367413e-01   6.8336523e-01   5.6817808e-01
   7.0575425e-01   5.3404898e-01   4.3289563e-01
   8.3588969e-01   3.4142894e-01   2.6992355e-01
   9.1322537e-01   1.1733085e-01   9.0500211e-02
   9.3024901e-01  -1.2371970e-01  -9.3137154e-02
   8.8345421e-01  -3.6544336e-01  -2.6859168e-01
   7.7373578e-01  -5.9091278e-01  -4.2414858e-01
   6.0648009e-01  -7.8374261e-01  -5.4956193e-01
   3.9133421e-01  -9.2927977e-01  -6.3673330e-01
   1.4166056e-01  -1.0157075e+00  -6.8023708e-01
  -1.2629285e-01  -1.0349807e+00  -6.7765822e-01
  -3.9445514e-01  -9.8351944e-01  -6.2972138e-01
  -6.4415833e-01  -8.6260462e-01  -5.4020504e-01
  -8.5744262e-01  -6.7843684e-01  -4.1564866e-01
  -1.0183494e+00  -4.4184661e-01  -2.6487563e-01
  -1.1141089e+00  -1.6766582e-01  -9.8366387e-02
  -1.1361347e+00   1.2620328e-01   7.2473262e-02
  -1.0807481e+00   4.1996307e-01   2.3609767e-01
  -9.4957442e-01   6.9326208e-01   3.8160608e-01
  -7.4957341e-01   9.2661160e-01   4.9947314e-01
  -4.9269348e-01   1.1027782e+00   5.8217574e-01
  -1.9516387e-01   1.2080527e+00   6.2467492e-01
   1.2353297e-01   1.2333023e+00   6.2472168e-01
   4.4194405e-01   1.1747258e+00   5.8296832e-01
   7.3809827e-01   1.0342515e+00   5.0288036e-01
   9.9103011e-01   8.1954186e-01   3.9045815e-01
   1.1822680e+00   5.4359429e-01   2.5378976e-01
   1.2971816e+00   2.2395884e-01   1.0246854e-01
   1.3260904e+00  -1.1838155e-01  -5.3082718e-02
   1.2650489e+00  -4.6039608e-01  -2.0233338e-01
   1.1162478e+00  -7.7856446e-01  -3.3536191e-01
   8.8799381e-01  -1.0505028e+00  -4.4351930e-01
   5.9426216e-01  -1.2565438e+00  -5.1999420e-01
   2.5384285e-01  -1.3811595e+00  -5.6024264e-01
  -1.1086558e-01  -1.4141236e+00  -5.6225535e-01
  -4.7533803e-01  -1.3513270e+00  -5.2664690e-01
  -8.1458172e-01  -1.1951824e+00  -4.5656392e-01
  -1.1048591e+00  -9.5458226e-01  -3.5742184e-01
  -1.3253552e+00  -6.4440536e-01  -2.3649158e-01
  -1.4596726e+00  -2.8459721e-01  -1.0236723e-01
  -1.4970455e+00   1.0111775e-01   3.5646170e-02
  -1.4331841e+00   4.8680927e-01   1.6818115e-01
  -1.2706838e+00   8.4609474e-01   2.8644722e-01
  -1.0189632e+00   1.1539535e+00   3.8281732e-01
  -6.9372883e-01   1.3884770e+00   4.5132182e-01
  -3.1599368e-01   1.5324314e+00   4.8801810e-01
   8.9286001e-02   1.5745210e+00   4.9121275e-01
   4.9486920e-01   1.5102610e+00   4.6152421e-01
   8.7307180e-01   1.3423915e+00   4.0178514e-01
   1.1976666e+00   1.0807976e+00   3.1679480e-01
   1.4457104e+00   7.4193579e-01   2.1294202e-01
   1.5991710e+00   3.4779582e-01   9.7727952e-02
   1.6462368e+00  -7.5532528e-02  -2.0775967e-02
   1.5822164e+00  -4.9959666e-01  -1.3449565e-01
   1.4099576e+00  -8.9550463e-01  -2.3590753e-01
   1.1397529e+00  -1.2359045e+00  -3.1853917e-01
   7.8872934e-01  -1.4968833e+00  -3.7738377e-01
   3.7976031e-01  -1.6596529e+00  -4.0920205e-01
  -6.0032722e-02  -1.7119037e+00  -4.1269318e-01
  -5.0108923e-01  -1.6487287e+00  -3.8852664e-01
  -9.1340813e-01  -1.4730491e+00  -3.3923632e-01
  -1.2685999e+00  -1.1955047e+00  -2.6898827e-01
  -1.5418513e+00  -8.3381410e-01  -1.8324183e-01
  -1.7136657e+00  -4.1163844e-01  -8.8331141e-02
  -1.7712572e+00   4.2974035e-02   9.0013604e-03
  -1.7094978e+00   4.9946251e-01   1.0208513e-01
  -1.5313486e+00   9.2682000e-01   1.8478111e-01
  -1.2477389e+00   1.2957114e+00   2.5188884e-01
  -8.7689781e-01   1.5804977e+00   2.9947414e-01
  -4.4317750e-01   1.7610258e+00   3.2509640e-01
   2.4554774e-02   1.8240591e+00   3.2792280e-01
   4.9484916e-01   1.7642461e+00   3.0872503e-01
   9.3580024e-01   1.5845569e+00   2.6976262e-01
   1.3172238e+00   1.2961527e+00   2.1456527e-01
   1.6127343e+00   9.1769298e-01   1.4763311e-01
   1.8015784e+00   4.7412235e-01   7.4079547e-02
   1.8700985e+00  -4.9828346e-03  -7.5566234e-04
   1.8127201e+00  -4.8739801e-01  -7.1693940e-02
   1.6323938e+00  -9.4043054e-01  -1.3407796e-01
   1.3404567e+00  -1.3331479e+00  -1.8407910e-01
   9.5591847e-01  -1.6385013e+00  -2.1893185e-01
   5.0421684e-01  -1.8351979e+00  -2.3708088e-01
   1.5525620e-02  -1.9091924e+00  -2.3823344e-01
  -4.7727295e-01  -1.8546913e+00  -2.2331698e-01
  -9.4081356e-01  -1.6745999e+00  -1.9434912e-01
  -1.3435198e+00  -1.3803765e+00  -1.5423322e-01
  -1.6577673e+00  -9.9130113e-01  -1.0649794e-01
  -1.8617883e+00  -5.3320545e-01  -5.5002961e-02
  -1.9411869e+00  -3.6747529e-02  -3.6343341e-03
  -1.8899579e+00   4.6465183e-01   4.3986680e-02
  -1.7109378e+00   9.3707211e-01   8.4759750e-02
  -1.4156536e+00   1.3484010e+00   1.1630834e-01
  -1.0235773e+00   1.6705296e+00   1.3711600e-01
  -5.6083470e-01   1.8812836e+00   1.4658836e-01
  -5.8454341e-02   1.9659575e+00   1.4503946e-01
   4.4972528e-01   1.9183452e+00   1.3360676e-01
   9.2934825e-01   1.7411936e+00   1.1410502e-01
   1.3478773e+00   1.4460477e+00   8.8833405e-02
   1.6768135e+00   1.0524945e+00   6.0353882e-02
   1.8936480e+00   5.8685480e-01   3.1260087e-02
   1.9834102e+00   8.0413456e-02   3.9564628e-03
   1.9397067e+00  -4.3269542e-01  -1.9534396e-02
   1.7651774e+00  -9.1780227e-01  -3.7721044e-02
   1.4713374e+00  -1.3420582e+00  -4.9738154e-02
   1.0778126e+00  -1.6766722e+00  -5.5381090e-02
   6.1102107e-01  -1.8988758e+00  -5.5079314e-02
   1.0238969e-01  -1.9934811e+00  -4.9813149e-02
  -4.1377451e-01  -1.9539248e+00  -4.0983153e-02
  -9.0261158e-01  -1.7827253e+00  -3.0245280e-02
  -1.3310766e+00  -1.4913217e+00  -1.9327715e-02
  -1.6701864e+00  -1.0993056e+00  -9.8465775e-03
  -1.8969913e+00  -6.3309552e-01  -3.1375237e-03
  -1.9961375e+00  -1.2414676e-01  -1.1863390e-04
  -1.9609118e+00   3.9318367e-01  -1.1970346e-03
  -1.7936994e+00   8.8396954e-01  -6.2276858e-03
  -1.5058211e+00   1.3150871e+00  -1.4528050e-02
  -1.1167628e+00   1.6574635e+00  -2.4947321e-02
  -6.5284828e-01   1.8880489e+00  -3.5983967e-02
  -1.4544877e-01   1.9913772e+00  -4.5940946e-02
   3.7115136e-01   1.9606095e+00  -5.3104465e-02
   8.6208422e-01   1.7979892e+00  -5.5929853e-02
   1.2942655e+00   1.5146790e+00  -5.3217258e-02
   1.6386371e+00   1.1299901e+00  -4.4260455e-02
   1.8721322e+00   6.7005906e-01  -2.8954146e-02
   1.9792293e+00   1.6606169e-01  -7.8484948e-03
   1.9529905e+00  -3.4791202e-01   1.7855994e-02
   1.7955123e+00  -8.3717706e-01   4.6375017e-02
   1.5177623e+00  -1.2688077e+00   7.5464897e-02
   1.1388115e+00  -1.6138660e+00   1.0259617e-01
   6.8451853e-01  -1.8493537e+00   1.2516311e-01
   1.8575485e-01  -1.9597535e+00   1.4071227e-01
  -3.2370454e-01  -1.9380578e+00   1.4717117e-01
  -8.0948151e-01  -1.7862144e+00   1.4305726e-01
  -1.2389280e+00  -1.5149623e+00   1.2764842e-01
  -1.5833333e+00  -1.1430698e+00   1.0109873e-01
  -1.8198543e+00  -6.9602969e-01   6.4487099e-02
  -1.9330398e+00  -2.0430241e-01   1.9791684e-02
  -1.9158451e+00   2.9877079e-01  -3.0211550e-02
  -1.7700704e+00   7.7924158e-01  -8.2121190e-02
  -1.5061960e+00   1.2048587e+00  -1.3214305e-01
  -1.1426280e+00   1.5472453e+00  -1.7636713e-01
  -7.0440915e-01   1.7838023e+00  -2.1106871e-01
  -2.2148479e-01   1.8992084e+00  -2.3301053e-01
   2.7335411e-01   1.8864168e+00  -2.3972237e-01
   7.4671037e-01   1.7470843e+00  -2.2973471e-01
   1.1668476e+00   1.4914060e+00  -2.0274638e-01
   1.5058305e+00   1.1373702e+00  -1.5971008e-01
   1.7413929e+00   7.0948832e-01  -1.0282573e-01
   1.8584089e+00   2.3709007e-01  -3.5438122e-02
   1.8498674e+00  -2.4769779e-01   3.8157085e-02
   1.7172895e+00  -7.1214855e-01   1.1298814e-01
   1.4705616e+00  -1.1251577e+00   1.8374500e-01
   1.1272023e+00  -1.4593380e+00   2.4515713e-01
   7.1111463e-01  -1.6928466e+00   2.9238432e-01
   2.5091535e-01  -1.8108196e+00   3.2139164e-01
  -2.2204362e-01  -1.8063218e+00   3.2927998e-01
  -6.7582284e-01  -1.6807487e+00   3.1454563e-01
  -1.0800648e+00  -1.4436589e+00   2.7724721e-01
  -1.4080367e+00  -1.1120530e+00   2.1906415e-01
  -1.6384084e+00  -7.0915254e-01   1.4323864e-01
  -1.7566468e+00  -2.6276810e-01   5.4401208e-02
  -1.7559342e+00   1.9663034e-01  -4.1711068e-02
  -1.6375542e+00   6.3800442e-01  -1.3862677e-01
  -1.4107213e+00   1.0318566e+00  -2.2957838e-01
  -1.0918743e+00   1.3522132e+00  -3.0797684e-01
  -7.0348456e-01   1.5783468e+00  -3.6788889e-01
  -2.7246740e-01   1.6961236e+00  -4.0448266e-01
   1.7169222e-01   1.6988879e+00  -4.1440837e-01
   5.9896736e-01   1.5878269e+00  -3.9608438e-01
   9.8083081e-01   1.3717993e+00  -3.4986545e-01
   1.2921709e+00   1.0666420e+00  -2.7807756e-01
   1.5129519e+00   6.9401213e-01  -1.8491292e-01
   1.6295092e+00   2.7984514e-01  -7.6189004e-02
   1.6353941e+00  -1.4745761e-01   4.1014969e-02
   1.5317168e+00  -5.5898705e-01   1.5882132e-01
   1.3269709e+00  -9.2729341e-01   2.6908649e-01
   1.0363565e+00  -1.2282279e+00   3.6396671e-01
   6.8065642e-01  -1.4425346e+00   4.3647728e-01
   2.8474717e-01  -1.5570874e+00   4.8100550e-01
  -1.2414756e-01  -1.5656916e+00   4.9373963e-01
  -5.1833865e-01  -1.4694019e+00   4.7298153e-01
  -8.7155728e-01  -1.2763415e+00   4.1931786e-01
  -1.1607157e+00  -1.0010426e+00   3.3563465e-01
  -1.3674245e+00  -6.6335906e-01   2.2697049e-01
  -1.4791653e+00  -2.8703432e-01   1.0021517e-01
  -1.4900455e+00   1.0197444e-01  -3.6328372e-02
  -1.4010877e+00   4.7729546e-01  -1.7349085e-01
  -1.2200434e+00   8.1394037e-01  -3.0185599e-01
  -9.6074975e-01   1.0899777e+00  -4.1241034e-01
  -6.4208271e-01   1.2879687e+00  -4.9717848e-01
  -2.8658342e-01   1.3960721e+00  -5.4979873e-01
   8.1140701e-02   1.4087458e+00  -5.6599775e-01
   4.3612747e-01   1.3270065e+00  -5.4392879e-01
   7.5476403e-01   1.1582353e+00  -4.8434742e-01
   1.0163667e+00   9.1555257e-01  -3.9060912e-01
   1.2045300e+00   6.1681153e-01  -2.6848605e-01
   1.3081574e+00   2.8328814e-01  -1.2581214e-01
   1.3221068e+00  -6.1837573e-02   2.8021398e-02
   1.2474165e+00  -3.9509979e-01   1.8268769e-01
   1.0911025e+00  -6.9435131e-01   3.2762150e-01
   8.6555028e-01  -9.4024395e-01   4.5274488e-01
   5.8755159e-01  -1.1174853e+00   5.4917109e-01
   2.7705983e-01  -1.2157898e+00   6.0983728e-01
  -4.4243945e-02  -1.2304650e+00   6.3002106e-01
  -3.5447119e-01  -1.1626006e+00   6.0770292e-01
  -6.3302532e-01  -1.0188554e+00   5.4374722e-01
  -8.6197705e-01  -8.1086674e-01   4.4188638e-01
  -1.0272234e+00  -5.5433114e-01   3.0850646e-01
  -1.1193550e+00  -2.6782819e-01   1.5224631e-01
  -1.1341784e+00   2.8525248e-02  -1.6564627e-02
  -1.0728656e+00   3.1449271e-01  -1.8659305e-01
  -9.4172951e-01   5.7110752e-01  -3.4626712e-01
  -7.5165013e-01   7.8193801e-01  -4.8456841e-01
  -5.1720071e-01   9.3414374e-01  -5.9179601e-01
  -2.5554188e-01   1.0192544e+00  -6.6024954e-01
   1.4832448e-02   1.0336245e+00  -6.8478282e-01
   2.7540624e-01   9.7854069e-01  -6.6318829e-01
   5.0891609e-01   8.5998399e-01  -5.9638371e-01
   7.0050160e-01   6.8807243e-01  -4.8838593e-01
   8.3865405e-01   4.7623315e-01  -3.4607096e-01
   9.1590275e-01   2.4016901e-01  -1.7873486e-01
   9.2919850e-01  -3.3011102e-03   2.5167316e-03
   8.7997603e-01  -2.3744322e-01   1.8550990e-01
   7.7390101e-01  -4.4676434e-01   3.5782493e-01
   6.2032896e-01  -6.1804349e-01   5.0764399e-01
   4.3152358e-01  -7.4116872e-01   6.2456591e-01
   2.2169751e-01  -8.0972683e-01   7.0033160e-01
   5.9494421e-03  -8.2131215e-01   7.2940924e-01
  -2.0082344e-01  -7.7754154e-01   7.0939770e-01
  -3.8495908e-01  -6.8378454e-01   6.4121885e-01
  -5.3493845e-01  -5.4863760e-01   5.2908356e-01
  -6.4210680e-01  -3.8318912e-01   3.8023196e-01
  -7.0116321e-01  -2.0013546e-01   2.0446385e-01
  -7.1039151e-01  -1.2816872e-02   1.3489888e-02
  -6.7162521e-01   1.6575378e-01  -1.7985317e-01
  -5.8995913e-01   3.2379915e-01  -3.6247037e-01
  -4.7323808e-01   4.5155855e-01  -5.2190060e-01
  -3.3136863e-01   5.4189004e-01  -6.4717147e-01
  -1.7551116e-01   5.9065641e-01  -7.2955840e-01
  -1.7216477e-02   5.9687524e-01  -7.6319484e-01
   1.3242720e-01   5.6263144e-01  -7.4549094e-01
   2.6357392e-01   4.9276858e-01  -6.7733071e-01
   3.6827144e-01   3.9439102e-01  -5.6303276e-01
   4.4094102e-01   2.7622219e-01  -4.1007592e-01
   4.7865688e-01   1.4787330e-01  -2.2860729e-01
   4.8121267e-01   1.9081739e-02  -3.0765163e-02
   4.5097937e-01  -1.0102170e-01   1.7013764e-01
   3.9257455e-01  -2.0456189e-01   3.6051483e-01
   3.1237691e-01  -2.8543857e-01   5.2743073e-01
   2.1793059e-01  -3.3968115e-01   6.5948418e-01
   1.1729079e-01  -3.6561898e-01   7.4759155e-01
   1.8364762e-02  -3.6386185e-01   7.8561475e-01
  -7.1699373e-02  -3.3710108e-01   7.7079074e-01
  -1.4702934e-01  -2.8975506e-01   7.0393220e-01
  -2.0341357e-01  -2.2749500e-01   5.8938490e-01
  -2.3852883e-01  -1.5669464e-01   4.3474382e-01
  -2.5199901e-01  -8.3852634e-02   2.5034667e-01
  -2.4528754e-01  -1.5036604e-02   4.8578745e-02
  -2.2143970e-01   4.4605632e-02  -1.5696380e-01
  -1.8470286e-01   9.1229097e-02  -3.5239548e-01
  -1.4006206e-01   1.2254062e-01  -5.2448492e-01
  -9.2734382e-02   1.3789753e-01  -6.6155583e-01
  -4.7667646e-02   1.3825313e-01  -7.5428372e-01
  -9.0875055e-03   1.2595915e-01  -7.9633377e-01
   1.9868450e-02   1.0444754e-01  -7.8479595e-01
   3.7399308e-02   7.7823766e-02  -7.2038742e-01
   4.3152842e-02   5.0411049e-02  -6.0740788e-01
   3.8193963e-02   2.6288207e-02  -4.5345091e-01
   2.4835419e-02   8.8640257e-03  -2.6889057e-01
   6.3487687e-03   5.2699765e-04  -6.6178342e-02
  -1.3415904e-02   2.4022480e-03   1.4100185e-01
  -3.0465051e-02   1.4237614e-02   3.3866268e-01
  -4.1110285e-02   3.4429147e-02   5.1346320e-01
  -4.2388151e-02   6.0183738e-02   6.5361454e-01
  -3.2411148e-02   8.7804197e-02   7.4967954e-01
  -1.0616093e-02   1.1307099e-01   7.9521194e-01
   2.2115108e-02   1.3168591e-01   7.8719148e-01
   6.3476005e-02   1.3973690e-01   7.2622538e-01
   1.0989867e-01   1.3414091e-01   6.1650275e-01
   1.5684774e-01   1.1302271e-01   4.6550522e-01
   1.9922185e-01   7.5992538e-02   2.8349399e-01
   2.3182899e-01   2.4293758e-02   8.2808610e-02
   2.4989458e-01  -3.9197750e-02  -1.2297439e-01
   2.4955740e-01  -1.1012785e-01  -3.1996522e-01
   2.2830808e-01  -1.8296434e-01  -4.9490382e-01
   1.8532840e-01  -2.5142222e-01  -6.3605759e-01
   1.2169728e-01  -3.0898171e-01  -7.3401293e-01
   4.0439025e-02  -3.4945764e-01  -7.8230667e-01
  -5.3597071e-02  -3.6757288e-01  -7.7785495e-01
  -1.5402359e-01  -3.5948643e-01  -7.2115084e-01
  -2.5335129e-01  -3.2322897e-01  -6.1621802e-01
  -3.4354498e-01  -2.5900441e-01  -4.7032450e-01
  -4.1665782e-01  -1.6932580e-01  -2.9347682e-01
  -4.6549494e-01  -5.8966292e-02  -9.7730167e-02
  -4.8425268e-01   6.5279433e-02   1.0363802e-01
  -4.6908000e-01   1.9501281e-01   2.9703372e-01
  -4.1851239e-01   3.2080235e-01   4.6946938e-01
  -3.3373745e-01   4.3286899e-01   6.0944120e-01
  -2.1866276e-01   5.2183598e-01   7.0770110e-01
  -7.9771768e-02   5.7948645e-01   7.5787120e-01
   7.4230733e-02   5.9946882e-01   7.5685987e-01
   2.3296480e-01   5.7789228e-01   7.0505190e-01
   3.8507906e-01   5.1376055e-01   6.0626130e-01
   5.1906384e-01   4.0920326e-01   4.6745116e-01
   6.2411550e-01   2.6947809e-01   2.9824127e-01
   6.9098731e-01   1.0273402e-01   1.1023833e-01
   7.1276113e-01  -8.0456372e-02  -8.3764401e-02
   6.8547754e-01  -2.6776909e-01  -2.7066252e-01
   6.0857084e-01  -4.4596270e-01  -4.3793077e-01
   4.8506808e-01  -6.0181715e-01  -5.7446738e-01
   3.2152806e-01  -7.2311088e-01  -6.7133516e-01
   1.2771461e-01  -7.9956414e-01  -7.2234963e-01
  -8.3981103e-02  -8.2367648e-01  -7.2447525e-01
  -2.9933576e-01  -7.9139218e-01  -6.7800433e-01
  -5.0325507e-01  -7.0253765e-01  -5.8650802e-01
  -6.8083578e-01  -5.6099024e-01  -4.5656493e-01
  -8.1845348e-01  -3.7455650e-01  -2.9728762e-01
  -9.0479689e-01  -1.5455888e-01  -1.1968114e-01
  -9.3177074e-01   8.4848774e-02   6.4121071e-02
  -8.9519667e-01   3.2759568e-01   2.4169057e-01
  -7.9525429e-01   5.5677924e-01   4.0114919e-01
  -6.3662173e-01   7.5584707e-01   5.3196826e-01
  -4.2829608e-01   9.0979302e-01   6.2566770e-01
  -1.8309675e-01   1.0062807e+00   6.7636843e-01
   8.3121956e-02   1.0366108e+00   6.8116172e-01
   3.5250070e-01   9.9645760e-01   6.4027242e-01
   6.0638020e-01   8.8631482e-01   5.5700705e-01
   8.2659987e-01   7.1160992e-01   4.3749291e-01
   9.9679903e-01   4.8246965e-01   2.9022819e-01
   1.1036275e+00   2.1314371e-01   1.2547630e-01
   1.1377763e+00  -7.8881470e-02  -4.5452506e-02
   1.0947496e+00  -3.7402358e-01  -2.1098164e-01
   9.7531597e-01  -6.5192533e-01  -3.6005672e-01
   7.8559924e-01  -8.9286552e-01  -4.8288812e-01
   5.3679163e-01  -1.0791622e+00  -5.7159743e-01
   2.4450177e-01  -1.1964679e+00  -6.2072473e-01
  -7.2225808e-02  -1.2348619e+00  -6.2756405e-01
  -3.9215798e-01  -1.1896572e+00  -5.9230639e-01
  -6.9330477e-01  -1.0618590e+00  -5.1798314e-01
  -9.5443865e-01  -8.5823291e-01  -4.1021684e-01
  -1.1565957e+00  -5.9096948e-01  -2.7679901e-01
  -1.2844525e+00  -2.7696067e-01  -1.2712666e-01
  -1.3274783e+00   6.3270450e-02   2.8461822e-02
  -1.2807769e+00   4.0691817e-01   1.7940424e-01
  -1.1455517e+00   7.3043175e-01   3.1563570e-01
  -9.2915468e-01   1.0111380e+00   4.2826366e-01
  -6.4470523e-01   1.2288362e+00   5.1015142e-01
  -3.1029896e-01   1.3672536e+00   5.5637158e-01
   5.2147090e-02   1.4152550e+00   5.6450048e-01
   4.1833876e-01   1.3677188e+00   5.3473633e-01
   7.6324265e-01   1.2260100e+00   4.6983586e-01
   1.0628068e+00   9.9801063e-01   3.7487729e-01
   1.2956449e+00   6.9769703e-01   2.5686901e-01
   1.4445662e+00   3.4428533e-01   1.2423380e-01
   1.4978410e+00  -3.9002762e-02  -1.3793516e-02
   1.4501088e+00  -4.2647422e-01  -1.4781182e-01
   1.3028602e+00  -7.9169710e-01  -2.6889761e-01
   1.0644509e+00  -1.1093135e+00  -3.6920264e-01
   7.4964074e-01  -1.3568084e+00  -4.4246500e-01
   3.7867986e-01  -1.5161097e+00  -4.8440038e-01
  -2.3998886e-02  -1.5749067e+00  -4.9294873e-01
  -4.3139838e-01  -1.5275897e+00  -4.6836276e-01
  -8.1577781e-01  -1.3757402e+00  -4.1313538e-01
  -1.1505521e+00  -1.1281316e+00  -3.3177484e-01
  -1.4121397e+00  -8.0023154e-01  -2.3044655e-01
  -1.5816288e+00  -4.1323544e-01  -1.1650959e-01
  -1.6461455e+00   7.3102258e-03   2.0176165e-03
  -1.5998232e+00   4.3320373e-01   1.1702353e-01
  -1.4443020e+00   8.3549041e-01   2.2086159e-01
  -1.1887162e+00   1.1864422e+00   3.0686161e-01
  -8.4916559e-01   1.4614786e+00   3.6976001e-01
  -4.4769918e-01   1.6408946e+00   4.0602098e-01
  -1.0876227e-02   1.7112750e+00   4.1402923e-01
   4.3200073e-01   1.6664918e+00   3.9414403e-01
   8.5086309e-01   1.5082127e+00   3.4861483e-01
   1.2169292e+00   1.2458776e+00   2.8136792e-01
   1.5046923e+00   8.9614163e-01   1.9768301e-01
   1.6937055e+00   4.8181384e-01   1.0378530e-01
   1.7700381e+00   3.0362440e-02   6.3843974e-03
   1.7272997e+00  -4.2791693e-01  -8.7806002e-02
   1.5671566e+00  -8.6194615e-01  -1.7253321e-01
   1.2992999e+00  -1.2419842e+00  -2.4242303e-01
   9.4086267e-01  -1.5416758e+00  -2.9332157e-01
   5.1531935e-01  -1.7398879e+00  -3.2253970e-01
   5.0940590e-02  -1.8222044e+00  -3.2898571e-01
  -4.2109605e-01  -1.7819744e+00  -3.1318073e-01
  -8.6881146e-01  -1.6208365e+00  -2.7715949e-01
  -1.2616039e+00  -1.3486797e+00  -2.2426761e-01
  -1.5723521e+00  -9.8303759e-01  -1.5887340e-01
  -1.7792969e+00  -5.4795435e-01  -8.6018069e-02
  -1.8675709e+00  -7.2394373e-02  -1.1031612e-02
  -1.8302681e+00   4.1169695e-01   6.0856591e-02
  -1.6689755e+00   8.7155177e-01   1.2488398e-01
  -1.3937278e+00   1.2758106e+00   1.7707217e-01
  -1.0223828e+00   1.5966724e+00   2.1447409e-01
  -5.7945765e-01   1.8118169e+00   2.3533568e-01
  -9.4500361e-02   1.9059632e+00   2.3916353e-01
   3.9989255e-01   1.8719589e+00   2.2669734e-01
   8.7027994e-01   1.7113180e+00   1.9979307e-01
   1.2846511e+00   1.4341709e+00   1.6122921e-01
   1.6146162e+00   1.0586238e+00   1.1445396e-01
   1.8373618e+00   6.0956987e-01   6.3294686e-02
   1.9372360e+00   1.1702940e-01   1.1653363e-02
   1.9068516e+00  -3.8586864e-01  -3.6788288e-02
   1.7476315e+00  -8.6512807e-01  -7.8831822e-02
   1.4697533e+00  -1.2881969e+00  -1.1197446e-01
   1.0914968e+00  -1.6261907e+00  -1.3455665e-01
   6.3803492e-01  -1.8558756e+00  -1.4583614e-01
   1.3974805e-01  -1.9612737e+00  -1.4598624e-01
  -3.6982267e-01  -1.9347789e+00  -1.3602162e-01
  -8.5624656e-01  -1.7777071e+00  -1.1766106e-01
  -1.2865432e+00  -1.5002375e+00  -9.3140909e-02
  -1.6314312e+00  -1.1207502e+00  -6.4996742e-02
  -1.8673321e+00  -6.6460155e-01  -3.5832428e-02
  -1.9779910e+00  -1.6242004e-01  -8.0963678e-03
  -1.9556022e+00   3.5196242e-01   1.6116757e-02
  -1.8013615e+00   8.4380300e-01   3.5223043e-02
  -1.5254065e+00   1.2798081e+00   4.8253533e-02
  -1.1461459e+00   1.6304000e+00   5.4898589e-02
  -6.8902489e-01   1.8717349e+00   5.5490878e-02
  -1.8480775e-01   1.9873333e+00   5.0930650e-02
   3.3250468e-01   1.9692120e+00   4.2561863e-02
   8.2798108e-01   1.8184375e+00   3.2011784e-02
   1.2681320e+00   1.5450644e+00   2.1009612e-02
   1.6231866e+00   1.1674611e+00   1.1201197e-02
   1.8691176e+00   7.1106794e-01   3.9770158e-03
   1.9892769e+00   2.0667371e-01   3.2916137e-04
   1.9755289e+00  -3.1167382e-01   7.5031592e-04
   1.8288046e+00  -8.0897938e-01   5.1838545e-03
   1.5590378e+00  -1.2516765e+00   1.3029571e-02
   1.1844892e+00  -1.6099063e+00   2.3204513e-02
   7.3050301e-01  -1.8595431e+00   3.4253437e-02
   2.2778208e-01  -1.9838287e+00   4.4498893e-02
  -2.8970041e-01  -1.9745038e+00   5.2217290e-02
  -7.8701003e-01  -1.8323604e+00   5.5824791e-02
  -1.2306232e+00  -1.5671767e+00   5.4055780e-02
  -1.5907001e+00  -1.1970415e+00   4.6117001e-02
  -1.8431035e+00  -7.4711320e-01   3.1802329e-02
  -1.9710265e+00  -2.4790013e-01   1.1556284e-02
  -1.9661181e+00   2.6681970e-01  -1.3521325e-02
  -1.8290309e+00   7.6229743e-01  -4.1732261e-02
  -1.5693558e+00   1.2051728e+00  -7.0895524e-02
  -1.2049482e+00   1.5657332e+00  -9.8513888e-02
  -7.6069370e-01   1.8199192e+00  -1.2197873e-01
  -2.6679976e-01   1.9509389e+00  -1.3879682e-01
   2.4327019e-01   1.9503839e+00  -1.4682028e-01
   7.3507680e-01   1.8187709e+00  -1.4445996e-01
   1.1755436e+00   1.5654748e+00  -1.3086332e-01
   1.5351946e+00   1.2080592e+00  -1.0603976e-01
   1.7901384e+00   7.7105319e-01  -7.0920650e-02
   1.9236645e+00   2.8425888e-01  -2.7345785e-02
   1.9273443e+00  -2.1929211e-01   2.2026136e-02
   1.8015648e+00  -7.0559276e-01   7.3879125e-02
   1.5554596e+00  -1.1419706e+00   1.2446393e-01
   1.2062458e+00  -1.4992956e+00   1.6986922e-01
   7.7801504e-01  -1.7539364e+00   2.0632025e-01
   3.0006289e-01  -1.8893316e+00   2.3048255e-01
  -1.9512592e-01  -1.8970727e+00   2.3974665e-01
  -6.7409784e-01  -1.7774262e+00   2.3247051e-01
  -1.1047036e+00  -1.5392625e+00   2.0815886e-01
  -1.4582687e+00  -1.1994010e+00   1.6756270e-01
  -1.7115142e+00  -7.8141852e-01   1.1268769e-01
  -1.8480978e+00  -3.1400604e-01   4.6707003e-02
  -1.8596732e+00   1.7101081e-01  -2.6218665e-02
  -1.7463986e+00   6.4085094e-01  -1.0120400e-01
  -1.5168631e+00   1.0640061e+00  -1.7296828e-01
  -1.1874407e+00   1.4123664e+00  -2.3620851e-01
  -7.8111990e-01   1.6630981e+00  -2.8599006e-01
  -3.2589277e-01   1.8001491e+00  -3.1812617e-01
   1.4718325e-01   1.8152797e+00  -3.2951732e-01
   6.0611582e-01   1.7085551e+00  -3.1842376e-01
   1.0201537e+00   1.4882683e+00  -2.8464842e-01
   1.3618595e+00   1.1703041e+00  -2.2961344e-01
   1.6089379e+00   7.7699349e-01  -1.5632082e-01
   1.7456987e+00   3.3553897e-01  -6.9196255e-02
   1.7640554e+00  -1.2387547e-01   2.6176599e-02
   1.6639982e+00  -5.7015953e-01   1.2341531e-01
   1.4535125e+00  -9.7343259e-01   2.1576830e-01
   1.1479547e+00  -1.3070361e+00   2.9658579e-01
   7.6893257e-01  -1.5493061e+00   3.5979901e-01
   3.4277326e-01  -1.6849866e+00   4.0037315e-01
  -1.0131408e-01  -1.7061924e+00   4.1470045e-01
  -5.3325082e-01  -1.6128596e+00   4.0090312e-01
  -9.2413774e-01  -1.4126582e+00   3.5902164e-01
  -1.2482000e+00  -1.1203802e+00   2.9107142e-01
  -1.4844962e+00  -7.5685022e-01   2.0096018e-01
  -1.6182779e+00  -3.4743809e-01   9.4267937e-02
  -1.6419108e+00   7.9718622e-02  -2.2098278e-02
  -1.5552998e+00   4.9565861e-01  -1.4035368e-01
  -1.3657952e+00   8.7257159e-01  -2.5235959e-01
  -1.0875936e+00   1.1856686e+00  -3.5018639e-01
  -7.4068010e-01   1.4148214e+00  -4.2667656e-01
  -3.4939085e-01   1.5458620e+00  -4.7596757e-01
   5.9300235e-02   1.5714575e+00  -4.9393659e-01
   4.5765046e-01   1.4915073e+00  -4.7853348e-01
   8.1904219e-01   1.3130411e+00  -4.2997587e-01
   1.1197719e+00   1.0496328e+00  -3.5078926e-01
   1.3406133e+00   7.2037705e-01  -2.4568575e-01
   1.4680510e+00   3.4850487e-01  -1.2128637e-01
   1.4951055e+00  -4.0260351e-02   1.4296813e-02
   1.4216981e+00  -4.1949097e-01   1.5199243e-01
   1.2545405e+00  -7.6386161e-01   2.8238030e-01
   1.0065610e+00  -1.0508504e+00   3.9633937e-01
   6.9591763e-01  -1.2622196e+00   4.8568829e-01
   3.4467035e-01  -1.3851785e+00   5.4377352e-01
  -2.2789438e-02  -1.4131524e+00   5.6596257e-01
  -3.8144034e-01  -1.3461150e+00   5.5000602e-01
  -7.0734426e-01  -1.1904649e+00   4.9624043e-01
  -9.7925354e-01  -9.5846661e-01   4.0761484e-01
  -1.1800033e+00  -6.6730057e-01   2.8953604e-01
  -1.2975975e+00  -3.3779514e-01   1.4953982e-01
  -1.3259196e+00   7.0658151e-03  -3.1915803e-03
  -1.2650263e+00   3.4375286e-01  -1.5843503e-01
  -1.1210120e+00   6.4980521e-01  -3.0561482e-01
  -9.0546325e-01   9.0533790e-01  -4.3452713e-01
  -6.3454705e-01   1.0943401e+00  -5.3605069e-01
  -3.2780554e-01   1.2056797e+00  -6.0279412e-01
  -6.7454556e-03   1.2337503e+00  -6.2963361e-01
   3.0667552e-01   1.1787247e+00  -6.1410213e-01
   5.9155856e-01   1.0464050e+00  -5.5660062e-01
   8.2946540e-01   8.4768932e-01  -4.6041400e-01
   1.0056173e+00   5.9770087e-01  -3.3152795e-01
   1.1098130e+00   3.1464687e-01  -1.7825638e-01
   1.1370085e+00   1.8493609e-02  -1.0702721e-02
   1.0875268e+00  -2.7044657e-01   1.5990979e-01
   9.6689179e-01  -5.3291576e-01   3.2199432e-01
   7.8530773e-01  -7.5200152e-01   4.6439179e-01
   5.5682857e-01  -9.1423145e-01   5.7714301e-01
   2.9828404e-01  -1.0104000e+00   6.5218805e-01
   2.8043128e-02  -1.0360770e+00   6.8394342e-01
  -2.3529428e-01  -9.9177071e-01   6.6971566e-01
  -4.7418405e-01  -8.8274406e-01   6.0992095e-01
  -6.7331352e-01  -7.1850533e-01   5.0809318e-01
  -8.2058682e-01  -5.1201935e-01   3.7067752e-01
  -9.0785632e-01  -2.7870194e-01   2.0662144e-01
  -9.3135607e-01  -3.5274608e-02   2.6789197e-02
  -8.9181567e-01   2.0143559e-01  -1.5676185e-01
  -7.9425620e-01   4.1566487e-01  -3.3159432e-01
  -6.4749228e-01   5.9376861e-01  -4.8573844e-01
  -4.6338492e-01   7.2509332e-01  -6.0851590e-01
  -2.5590578e-01   8.0260851e-01  -6.9128309e-01
  -4.0085529e-02   8.2326164e-01  -7.2804169e-01
   1.6907503e-01   7.8803988e-01  -7.1587338e-01
   3.5765232e-01   7.0174412e-01  -6.5516714e-01
   5.1373224e-01   5.7250134e-01  -5.4962166e-01
   6.2816468e-01   4.1105919e-01  -4.0602093e-01
   6.9509224e-01   2.2992124e-01  -2.3379632e-01
   7.1222333e-01   4.2390929e-02  -4.4403795e-02
   6.8083914e-01  -1.3840351e-01   1.4944262e-01
   6.0554403e-01  -3.0043170e-01   3.3462927e-01
   4.9378697e-01  -4.3356628e-01   4.9853515e-01
   3.5519788e-01  -5.3021649e-01   6.2989683e-01
   2.0079463e-01  -5.8575029e-01   7.1958645e-01
   4.2123977e-02  -5.9868264e-01   7.6124886e-01
  -1.0959737e-01  -5.7062517e-01   7.5175315e-01
  -2.4427809e-01  -5.0601102e-01   6.9142651e-01
  -3.5362735e-01  -4.1162433e-01   5.8405295e-01
  -4.3166429e-01  -2.9597801e-01   4.3663561e-01
  -4.7503058e-01  -1.6859278e-01   2.5893764e-01
  -4.8309106e-01  -3.9236443e-02   6.2831901e-02
  -4.5782382e-01   8.2817383e-02  -1.3849701e-01
  -4.0351761e-01   1.8945499e-01  -3.3144432e-01
  -3.2630826e-01   2.7426511e-01  -5.0290978e-01
  -2.3359723e-01   3.3292167e-01  -6.4119211e-01
  -1.3340297e-01   3.6338415e-01  -7.3679193e-01
  -3.3699058e-02   3.6590804e-01  -7.8306773e-01
   5.8207961e-02   3.4287322e-01  -7.7669931e-01
   1.3621307e-01   2.9845217e-01  -7.1792635e-01
   1.9582067e-01   2.3815200e-01  -6.1054484e-01
   2.3439844e-01   1.6827311e-01  -4.6166075e-01
   2.5126319e-01   9.5332620e-02  -2.8121713e-01
   2.4759902e-01   2.5501765e-02  -8.1326148e-02
   2.2622195e-01  -3.5896373e-02   1.2454865e-01
   1.9121730e-01  -8.4788921e-02   3.2250450e-01
   1.4748595e-01  -1.1862496e-01   4.9914368e-01
   1.0024223e-01  -1.3649870e-01   6.4248548e-01
   5.4508930e-02  -1.3911898e-01   7.4278345e-01
   1.4653866e-02  -1.2863334e-01   7.9319181e-01
  -1.5992108e-02  -1.0832706e-01   7.9023526e-01
  -3.5404010e-02  -8.2228099e-02   7.3404981e-01
  -4.2997293e-02  -5.4656279e-02   6.2837774e-01
  -3.9619090e-02  -2.9759277e-02   4.8031695e-01
  -2.7399957e-02  -1.1078415e-02   2.9984133e-01
  -9.4822451e-03  -1.1840478e-03   9.9125035e-02
   1.0347915e-02  -1.4136649e-03  -1.0828353e-01
   2.8089631e-02  -1.1736396e-02  -3.0838152e-01
   3.9976567e-02  -3.0756131e-02  -4.8766253e-01
   4.2904091e-02  -5.5852980e-02  -6.3403349e-01
   3.4793706e-02  -8.3450313e-02  -7.3763519e-01
   1.4859698e-02  -1.0938322e-01  -7.9151018e-01
  -1.6248538e-02  -1.2933495e-01  -7.9207276e-01
  -5.6444133e-02  -1.3930120e-01  -7.3934906e-01
  -1.0234355e-01  -1.3603940e-01  -6.3697091e-01
  -1.4954105e-01  -1.1746036e-01  -4.9192447e-01
  -1.9299504e-01  -8.2924204e-02  -3.1407086e-01
  -2.2749425e-01  -3.3410270e-02  -1.1547196e-01
  -2.4816357e-01   2.8459190e-02   9.0432268e-02
  -2.5096493e-01   9.8548972e-02   2.8973852e-01
  -2.3314792e-01   1.7148893e-01   4.6902439e-01
  -1.9360742e-01   2.4108122e-01   6.1625761e-01
  -1.3311265e-01   3.0080612e-01   7.2160824e-01
  -5.4381757e-02   3.4438631e-01   7.7810883e-01
   3.8011600e-02   3.6636291e-01   7.8211787e-01
   1.3789934e-01   3.6263412e-01   7.3355551e-01
   2.3793314e-01   3.3090842e-01   6.3589623e-01
   3.3012376e-01   2.7102994e-01   4.9591987e-01
   4.0646601e-01   1.8514231e-01   3.2323876e-01
   4.5960116e-01   7.7669855e-02   1.2963423e-01
   4.8346378e-01  -4.4891156e-02  -7.1751628e-02
   4.7385895e-01  -1.7436293e-01  -2.6731311e-01
   4.2891951e-01  -3.0143503e-01  -4.4390541e-01
   3.4940075e-01  -4.1633456e-01  -5.8973335e-01
   2.3878117e-01  -5.0956947e-01  -6.9514382e-01
   1.0315239e-01  -5.7268886e-01  -7.5326843e-01
  -4.9102643e-02  -5.9900071e-01  -7.6047337e-01
  -2.0782723e-01  -5.8418853e-01  -7.1658675e-01
  -3.6177245e-01  -5.2677391e-01  -6.2488931e-01
  -4.9939656e-01  -4.2838234e-01  -4.9187042e-01
  -6.0972536e-01  -2.9378300e-01  -3.2676750e-01
  -6.8320968e-01  -1.3068993e-01  -1.4092165e-01
  -7.1251398e-01   5.0670131e-02   5.3005481e-02
  -6.9317287e-01   2.3819988e-01   2.4189910e-01
  -6.2406034e-01   4.1874309e-01   4.1308328e-01
  -5.0762844e-01   5.7901103e-01   5.5517662e-01
  -3.4988855e-01   7.0655825e-01   6.5885332e-01
  -1.6012654e-01   7.9073605e-01   7.1745861e-01
   4.9636738e-02   8.2355163e-01   7.2743766e-01
   2.6540898e-01   8.0036489e-01   6.8855010e-01
   4.7216527e-01   7.2036532e-01   6.0385747e-01
   6.5489882e-01   5.8678561e-01   4.7948622e-01
   7.9970999e-01   4.0682680e-01   3.2418442e-01
   8.9485434e-01   1.9129057e-01   1.4870429e-01
   9.3167149e-01  -4.6064294e-02  -3.4945746e-02
   9.0532241e-01  -2.8940325e-01  -2.1432727e-01
   8.1527511e-01  -5.2187860e-01  -3.7741910e-01
   6.6549492e-01  -7.2680144e-01  -5.1342762e-01
   4.6431632e-01  -8.8884125e-01  -6.1350523e-01
   2.2399560e-01  -9.9516667e-01  -6.7132880e-01
  -4.0032893e-02  -1.0364430e+00  -6.8350006e-01
  -3.1015209e-01  -1.0076102e+00  -6.4974270e-01
  -5.6774454e-01  -9.0837760e-01  -5.7288467e-01
