   0.0000000e+00  -2.4839198e+00
   1.0000000e-01   1.5913127e+00
   2.0000000e-01   9.9933822e-01
   3.0000000e-01   6.7041009e-01
   4.0000000e-01   9.3116474e-01
   5.0000000e-01   2.4379440e+00
   6.0000000e-01   1.0448975e+00
   7.0000000e-01   2.2887678e-01
   8.0000000e-01   1.6912437e+00
   9.0000000e-01  -7.7521025e-01
   1.0000000e+00  -8.8101294e-01
   1.1000000e+00  -1.1646796e+00
   1.2000000e+00  -8.1392491e-01
   1.3000000e+00  -5.6922047e-01
   1.4000000e+00   2.2572159e-01
   1.5000000e+00   2.3679134e+00
   1.6000000e+00   2.1615687e+00
   1.7000000e+00   1.4517085e+00
   1.8000000e+00   2.8190971e+00
   1.9000000e+00   4.1968053e+00
   2.0000000e+00   1.5965987e+00
   2.1000000e+00   2.1955489e+00
   2.2000000e+00   1.2395951e+00
   2.3000000e+00   1.2545343e+00
   2.4000000e+00   7.1352742e-01
   2.5000000e+00  -4.9944423e-01
   2.6000000e+00  -4.3771098e-01
   2.7000000e+00  -8.0727233e-01
   2.8000000e+00   7.1161392e-01
   2.9000000e+00   1.2928979e+00
   3.0000000e+00  -8.1066842e-01
   3.1000000e+00   1.5158171e+00
   3.2000000e+00   1.3845227e+00
   3.3000000e+00   1.3728012e+00
   3.4000000e+00  -6.7011667e-01
   3.5000000e+00  -5.1941058e-01
   3.6000000e+00  -1.1834152e+00
   3.7000000e+00  -1.5288817e+00
   3.8000000e+00  -8.9785928e-01
   3.9000000e+00  -2.6916039e+00
   4.0000000e+00  -1.5057651e+00
   4.1000000e+00  -1.8720792e+00
   4.2000000e+00  -1.0637425e+00
   4.3000000e+00   1.7514214e+00
   4.4000000e+00  -6.6883836e-03
   4.5000000e+00  -3.0237748e-02
   4.6000000e+00   6.8769743e-01
   4.7000000e+00  -1.1804265e+00
   4.8000000e+00  -5.3537828e-01
   4.9000000e+00  -1.7247630e+00
   5.0000000e+00   5.4667495e-01
   5.1000000e+00  -3.5377328e-01
   5.2000000e+00  -1.6722429e+00
   5.3000000e+00  -3.1183861e+00
   5.4000000e+00  -1.1922787e+00
   5.5000000e+00  -2.4071897e+00
   5.6000000e+00  -1.1700163e+00
   5.7000000e+00  -1.6342928e+00
   5.8000000e+00   2.3102425e+00
   5.9000000e+00  -9.5182322e-01
   6.0000000e+00   3.3961516e-01
   6.1000000e+00   8.1432951e-01
   6.2000000e+00   2.1345463e+00
   6.3000000e+00   1.4132915e+00
   6.4000000e+00  -1.6230312e-01
   6.5000000e+00  -1.0442899e-02
   6.6000000e+00  -2.5359600e-01
   6.7000000e+00  -1.1316540e+00
   6.8000000e+00  -8.2049963e-01
   6.9000000e+00   2.6386528e-02
   7.0000000e+00   9.4712778e-01
   7.1000000e+00   1.1042851e+00
   7.2000000e+00   1.7570130e+00
   7.3000000e+00  -2.4072442e-01
   7.4000000e+00   1.4158516e+00
   7.5000000e+00   3.2948522e+00
   7.6000000e+00   2.3325835e+00
   7.7000000e+00   2.1674258e+00
   7.8000000e+00   3.5659109e+00
   7.9000000e+00   3.8150052e-01
   8.0000000e+00   2.7898527e-01
   8.1000000e+00   9.0872669e-01
   8.2000000e+00   1.6310364e-01
   8.3000000e+00  -7.5570348e-01
   8.4000000e+00   9.3329650e-01
   8.5000000e+00  -1.7741902e-01
   8.6000000e+00  -6.7532183e-01
   8.7000000e+00   1.4144158e+00
   8.8000000e+00   2.1920516e-01
   8.9000000e+00   1.9002592e+00
   9.0000000e+00   2.5650511e+00
   9.1000000e+00   6.3924686e-01
   9.2000000e+00   1.7240640e+00
   9.3000000e+00   1.9575578e+00
   9.4000000e+00   6.5646557e-01
   9.5000000e+00  -4.2322765e-01
   9.6000000e+00   1.6628603e-01
   9.7000000e+00  -2.9266177e-01
   9.8000000e+00  -1.9150549e+00
   9.9000000e+00  -2.5647721e+00
   1.0000000e+01  -2.7730933e+00
   1.0100000e+01  -1.5540755e+00
   1.0200000e+01  -1.5441701e-01
   1.0300000e+01  -6.4602490e-01
   1.0400000e+01  -5.3983665e-01
   1.0500000e+01   2.7393271e-02
   1.0600000e+01   2.9343917e+00
   1.0700000e+01  -4.3718963e-01
   1.0800000e+01  -3.6895295e-01
   1.0900000e+01  -2.3422199e+00
   1.1000000e+01  -1.2908567e+00
   1.1100000e+01  -1.2267451e+00
   1.1200000e+01  -1.7631236e+00
   1.1300000e+01  -5.8226737e-01
   1.1400000e+01  -4.3000708e-01
   1.1500000e+01  -1.9422898e+00
   1.1600000e+01  -9.6150501e-01
   1.1700000e+01   4.9567638e-01
   1.1800000e+01   1.5205855e+00
   1.1900000e+01   8.7297810e-01
   1.2000000e+01   3.1062756e-01
   1.2100000e+01   7.1400456e-01
   1.2200000e+01   2.3065255e-01
   1.2300000e+01  -7.3686851e-02
   1.2400000e+01  -1.3930713e+00
   1.2500000e+01   2.6389727e-01
   1.2600000e+01  -6.5171890e-02
   1.2700000e+01  -7.5861731e-01
   1.2800000e+01  -7.1780810e-01
   1.2900000e+01   4.0723039e-01
   1.3000000e+01   1.2496386e+00
   1.3100000e+01   1.1380738e+00
   1.3200000e+01   1.6921113e-01
   1.3300000e+01   6.8733023e-01
   1.3400000e+01   2.5273538e+00
   1.3500000e+01   2.9171608e+00
   1.3600000e+01   3.4309216e-01
   1.3700000e+01   9.2889684e-01
   1.3800000e+01   1.1886663e+00
   1.3900000e+01  -8.4081513e-01
   1.4000000e+01   3.0784714e-01
   1.4100000e+01  -4.0337503e-01
   1.4200000e+01  -1.1183116e+00
   1.4300000e+01   1.1011837e+00
   1.4400000e+01   2.4594856e-01
   1.4500000e+01  -8.3402055e-02
   1.4600000e+01   2.1069132e-01
   1.4700000e+01   1.0234891e+00
   1.4800000e+01  -1.3224949e+00
   1.4900000e+01  -3.8234049e-02
   1.5000000e+01   9.7672173e-01
   1.5100000e+01  -6.2460661e-01
   1.5200000e+01  -7.2480768e-01
   1.5300000e+01  -5.8469764e-01
   1.5400000e+01  -7.3758079e-01
   1.5500000e+01  -8.3409321e-01
   1.5600000e+01  -1.5813169e+00
   1.5700000e+01  -1.5027115e+00
   1.5800000e+01  -1.1521148e+00
   1.5900000e+01  -2.2730439e+00
   1.6000000e+01  -5.0854978e-01
   1.6100000e+01   2.7497914e-01
   1.6200000e+01   2.0824161e-02
   1.6300000e+01   2.9625969e+00
   1.6400000e+01   1.2481574e+00
   1.6500000e+01   2.0263115e+00
   1.6600000e+01   6.6075303e-01
   1.6700000e+01   2.2393639e+00
   1.6800000e+01   3.6183289e-01
   1.6900000e+01   7.8242419e-02
   1.7000000e+01   2.1054834e-01
   1.7100000e+01   3.6805315e-01
   1.7200000e+01   4.0852837e-01
   1.7300000e+01   1.1988437e+00
   1.7400000e+01   4.3470252e-01
   1.7500000e+01   6.5095010e-01
   1.7600000e+01   3.9767134e+00
   1.7700000e+01   2.7438151e+00
   1.7800000e+01   2.0965181e+00
   1.7900000e+01   2.2546376e+00
   1.8000000e+01   1.8931790e+00
   1.8100000e+01  -3.9044943e-01
   1.8200000e+01  -1.6694759e+00
   1.8300000e+01   1.1106510e-01
   1.8400000e+01  -2.3632227e+00
   1.8500000e+01  -2.6812098e+00
   1.8600000e+01   1.2064763e-01
   1.8700000e+01  -1.1174255e+00
   1.8800000e+01  -1.7624979e+00
   1.8900000e+01  -1.0688657e+00
   1.9000000e+01   1.8590265e+00
   1.9100000e+01   1.1311187e+00
   1.9200000e+01  -1.2799534e-01
   1.9300000e+01  -3.3630889e-01
   1.9400000e+01  -4.6406222e-01
   1.9500000e+01   9.4224077e-01
   1.9600000e+01  -1.4328949e-02
   1.9700000e+01  -1.6468909e+00
   1.9800000e+01  -1.5551273e+00
   1.9900000e+01   4.4662917e-01
   2.0000000e+01   2.5310644e-01
   2.0100000e+01  -3.8943353e-01
   2.0200000e+01   1.6050839e-02
   2.0300000e+01   1.4575895e+00
   2.0400000e+01   1.6159211e+00
   2.0500000e+01   2.6622594e+00
   2.0600000e+01  -7.6429940e-01
   2.0700000e+01   8.8729215e-01
   2.0800000e+01   1.1920495e+00
   2.0900000e+01   1.7455005e+00
   2.1000000e+01   1.4536528e+00
   2.1100000e+01   1.9116860e+00
   2.1200000e+01   3.6986929e-01
   2.1300000e+01  -5.3183182e-01
   2.1400000e+01  -1.2583204e+00
   2.1500000e+01   5.3101030e-02
   2.1600000e+01  -2.0917395e-01
   2.1700000e+01   5.1252966e-02
   2.1800000e+01  -1.4185992e+00
   2.1900000e+01  -6.6721089e-01
   2.2000000e+01   3.9715609e-01
   2.2100000e+01   1.4424063e-01
   2.2200000e+01   4.5524819e-01
   2.2300000e+01   4.9287730e-01
   2.2400000e+01  -5.8732399e-01
   2.2500000e+01  -1.6622992e+00
   2.2600000e+01  -1.5835396e+00
   2.2700000e+01  -8.8305203e-01
   2.2800000e+01  -1.3513906e+00
   2.2900000e+01  -1.8128870e+00
   2.3000000e+01   5.6791852e-01
   2.3100000e+01   2.5031117e+00
   2.3200000e+01   1.1767425e+00
   2.3300000e+01   2.2632441e-01
   2.3400000e+01   3.7939309e+00
   2.3500000e+01   8.1670419e-01
   2.3600000e+01   2.5910196e+00
   2.3700000e+01   1.0518710e+00
   2.3800000e+01   9.6018326e-01
   2.3900000e+01   1.4815429e-01
   2.4000000e+01  -4.9758325e-01
   2.4100000e+01  -1.4661224e+00
   2.4200000e+01  -1.7983784e+00
   2.4300000e+01  -1.6518439e+00
   2.4400000e+01   1.2687845e-01
   2.4500000e+01  -1.3606021e+00
   2.4600000e+01   3.1297929e-02
   2.4700000e+01   7.8809695e-01
   2.4800000e+01  -1.4254900e+00
   2.4900000e+01  -9.0101137e-01
   2.5000000e+01   1.0854543e+00
   2.5100000e+01  -1.7666512e+00
   2.5200000e+01  -5.3024746e-01
   2.5300000e+01  -6.5176248e-01
   2.5400000e+01  -1.3960562e-01
   2.5500000e+01  -9.8695865e-01
   2.5600000e+01  -9.1744585e-01
   2.5700000e+01  -5.5433604e-01
   2.5800000e+01   2.0759734e+00
   2.5900000e+01   9.8158321e-01
   2.6000000e+01   9.3517519e-01
   2.6100000e+01   1.9394592e+00
   2.6200000e+01   1.6558732e+00
   2.6300000e+01   8.0798089e-01
   2.6400000e+01   8.0003634e-02
   2.6500000e+01   2.6242666e+00
   2.6600000e+01  -4.4535428e-01
   2.6700000e+01  -2.4949018e-01
   2.6800000e+01  -3.5837907e-01
   2.6900000e+01  -1.9072033e-02
   2.7000000e+01  -1.8706076e+00
   2.7100000e+01  -1.5902872e+00
   2.7200000e+01  -3.7998465e+00
   2.7300000e+01  -9.9080667e-01
   2.7400000e+01   2.7507146e-01
   2.7500000e+01  -1.8947341e+00
   2.7600000e+01   1.2438206e+00
   2.7700000e+01   2.4233693e+00
   2.7800000e+01  -2.3438395e-03
   2.7900000e+01   4.4127618e-01
   2.8000000e+01   2.2955080e+00
   2.8100000e+01   1.3041546e+00
   2.8200000e+01   1.6876814e+00
   2.8300000e+01  -2.1935658e-01
   2.8400000e+01   9.7722018e-01
   2.8500000e+01  -6.9009308e-01
   2.8600000e+01  -1.3426602e+00
   2.8700000e+01  -5.2826135e-01
   2.8800000e+01  -1.3076951e+00
   2.8900000e+01  -1.3462307e+00
   2.9000000e+01   7.4800177e-02
   2.9100000e+01  -1.7145500e+00
   2.9200000e+01  -9.8913846e-01
   2.9300000e+01  -3.2064756e-01
   2.9400000e+01  -5.4934317e-01
   2.9500000e+01   3.8896344e-01
   2.9600000e+01   1.8697060e-01
   2.9700000e+01   5.1819097e-01
   2.9800000e+01  -7.3204143e-01
   2.9900000e+01  -1.2036802e+00
   3.0000000e+01   3.7079036e-01
   3.0100000e+01   6.7619780e-01
   3.0200000e+01  -1.1026338e+00
   3.0300000e+01   3.8176347e-01
   3.0400000e+01   6.5936639e-01
   3.0500000e+01   1.6809104e+00
   3.0600000e+01   3.4924711e-02
   3.0700000e+01  -1.3469475e+00
   3.0800000e+01  -1.1882917e+00
   3.0900000e+01   4.7316897e-01
   3.1000000e+01  -1.4939090e-01
   3.1100000e+01   5.3973708e-01
   3.1200000e+01  -2.0372234e+00
   3.1300000e+01  -2.5368826e+00
   3.1400000e+01  -1.6176085e+00
   3.1500000e+01  -6.3618478e-01
   3.1600000e+01  -1.4625426e+00
   3.1700000e+01  -1.2278950e+00
   3.1800000e+01  -5.5880131e-01
   3.1900000e+01   1.4761887e+00
   3.2000000e+01   9.9320184e-01
   3.2100000e+01   1.2649538e+00
   3.2200000e+01   1.4798609e+00
   3.2300000e+01   7.4777146e-01
   3.2400000e+01  -7.5638068e-01
   3.2500000e+01  -7.5936676e-01
   3.2600000e+01  -5.7083403e-01
   3.2700000e+01  -4.6966023e-01
   3.2800000e+01  -8.1743964e-01
   3.2900000e+01  -2.2449071e+00
   3.3000000e+01  -1.2315675e+00
   3.3100000e+01  -2.8113620e+00
   3.3200000e+01  -2.8586118e-01
   3.3300000e+01  -9.5460728e-01
   3.3400000e+01   1.4173763e+00
   3.3500000e+01   2.6316373e+00
   3.3600000e+01   2.6958209e+00
   3.3700000e+01   1.0743849e+00
   3.3800000e+01  -4.1217149e-01
   3.3900000e+01   6.8184221e-01
   3.4000000e+01   6.6493721e-01
   3.4100000e+01   6.9420629e-01
   3.4200000e+01  -9.8649711e-01
   3.4300000e+01  -2.1497208e+00
   3.4400000e+01  -2.1955965e-01
   3.4500000e+01  -2.7953125e+00
   3.4600000e+01  -1.6680070e+00
   3.4700000e+01  -1.6704895e-02
   3.4800000e+01   2.6270111e-01
   3.4900000e+01   7.6299820e-01
   3.5000000e+01   1.4893814e+00
   3.5100000e+01   1.7685121e+00
   3.5200000e+01   2.0185892e+00
   3.5300000e+01   2.1676836e+00
   3.5400000e+01   7.2671960e-01
   3.5500000e+01   1.6842216e+00
   3.5600000e+01   3.2908598e-01
   3.5700000e+01  -2.5131077e-01
   3.5800000e+01  -6.5874201e-01
   3.5900000e+01  -1.6038435e+00
   3.6000000e+01  -3.1384627e+00
   3.6100000e+01   7.2848191e-02
   3.6200000e+01  -6.7856934e-01
   3.6300000e+01   1.0922303e+00
   3.6400000e+01   2.4243893e-01
   3.6500000e+01   1.9602169e+00
   3.6600000e+01   1.3701482e+00
   3.6700000e+01   7.0348128e-01
   3.6800000e+01   1.6307805e+00
   3.6900000e+01  -1.7924054e+00
   3.7000000e+01  -1.1137385e+00
   3.7100000e+01  -2.8924473e+00
   3.7200000e+01  -1.0515840e+00
   3.7300000e+01  -1.8026487e+00
   3.7400000e+01  -5.7211798e-01
   3.7500000e+01   3.7760988e-01
   3.7600000e+01   1.4268235e-01
   3.7700000e+01   1.2182821e+00
   3.7800000e+01   2.9488356e+00
   3.7900000e+01   1.7876175e+00
   3.8000000e+01   2.0768596e+00
   3.8100000e+01   1.0826274e+00
   3.8200000e+01   8.6234939e-01
   3.8300000e+01   6.8443192e-01
   3.8400000e+01  -1.0446357e+00
   3.8500000e+01  -9.8294237e-01
   3.8600000e+01  -1.0967583e+00
   3.8700000e+01  -1.1778338e+00
   3.8800000e+01  -1.8990483e+00
   3.8900000e+01  -1.8851223e+00
   3.9000000e+01  -6.7297553e-01
   3.9100000e+01   1.8912538e-01
   3.9200000e+01   1.8598520e+00
   3.9300000e+01   2.2281197e+00
   3.9400000e+01   2.6786560e+00
   3.9500000e+01   4.8304659e-01
   3.9600000e+01  -1.0950900e+00
   3.9700000e+01  -1.3457609e-01
   3.9800000e+01  -1.7111430e+00
   3.9900000e+01  -1.2635764e+00
   4.0000000e+01  -1.0478426e+00
   4.0100000e+01  -1.7823010e+00
   4.0200000e+01  -2.6319449e+00
   4.0300000e+01   5.9786231e-01
   4.0400000e+01   1.9718078e-01
   4.0500000e+01   1.0834776e+00
   4.0600000e+01   9.3145726e-01
   4.0700000e+01   4.8562613e-01
   4.0800000e+01  -2.5829545e-01
   4.0900000e+01  -1.3139951e+00
   4.1000000e+01  -9.4337395e-01
   4.1100000e+01  -1.1918288e+00
   4.1200000e+01  -4.6277135e-02
   4.1300000e+01   1.9834402e-01
   4.1400000e+01  -1.5045975e+00
   4.1500000e+01   1.6924190e-01
   4.1600000e+01  -2.8235398e-01
   4.1700000e+01   6.3834786e-01
   4.1800000e+01  -1.6382446e+00
   4.1900000e+01  -2.5127332e+00
   4.2000000e+01  -1.8468434e+00
   4.2100000e+01  -1.3026076e+00
   4.2200000e+01   1.1667862e+00
   4.2300000e+01  -1.1143951e+00
   4.2400000e+01   2.2141822e+00
   4.2500000e+01   5.0726351e-01
   4.2600000e+01   1.3602114e+00
   4.2700000e+01   2.1785770e+00
   4.2800000e+01   1.1895654e+00
   4.2900000e+01   5.7058276e-01
   4.3000000e+01  -1.6119235e+00
   4.3100000e+01  -1.3260079e+00
   4.3200000e+01  -7.6409639e-01
   4.3300000e+01  -1.8477628e+00
   4.3400000e+01   4.3760730e-01
   4.3500000e+01   8.8777595e-01
   4.3600000e+01   1.1509244e+00
   4.3700000e+01   2.9265378e+00
   4.3800000e+01   3.6356809e+00
   4.3900000e+01   3.2893677e+00
   4.4000000e+01   4.6886123e-01
   4.4100000e+01   1.5654289e-01
   4.4200000e+01  -6.3618410e-01
   4.4300000e+01  -9.6822795e-01
   4.4400000e+01  -2.4437497e+00
   4.4500000e+01   3.7847256e-01
   4.4600000e+01  -1.1002264e+00
   4.4700000e+01  -1.3479561e+00
   4.4800000e+01   9.2017810e-01
   4.4900000e+01   3.7696550e-01
   4.5000000e+01   8.5396146e-01
   4.5100000e+01   5.5933735e-02
   4.5200000e+01   5.0285528e-01
   4.5300000e+01  -9.1965766e-01
   4.5400000e+01   2.9546083e+00
   4.5500000e+01   2.0495566e-01
   4.5600000e+01  -5.3848028e-01
   4.5700000e+01  -1.2875489e+00
   4.5800000e+01   1.7474586e+00
   4.5900000e+01  -5.0354297e-01
   4.6000000e+01  -1.0969933e+00
   4.6100000e+01  -1.1844765e+00
   4.6200000e+01  -1.5280713e+00
   4.6300000e+01  -1.0670101e+00
   4.6400000e+01   3.5137036e-02
   4.6500000e+01   1.1106515e+00
   4.6600000e+01   1.0504218e+00
   4.6700000e+01   1.6584348e+00
   4.6800000e+01   1.1889725e+00
   4.6900000e+01   2.1784226e+00
   4.7000000e+01   8.7571356e-01
   4.7100000e+01  -7.1415473e-01
   4.7200000e+01  -1.8202002e+00
   4.7300000e+01  -3.8002975e-01
   4.7400000e+01  -1.7724523e+00
   4.7500000e+01  -9.8610130e-01
   4.7600000e+01   1.3735177e+00
   4.7700000e+01   1.8766309e+00
   4.7800000e+01  -4.8455252e-01
   4.7900000e+01   1.4288341e+00
   4.8000000e+01  -1.3116702e+00
   4.8100000e+01   6.3864820e-01
   4.8200000e+01   1.2297286e+00
   4.8300000e+01   7.2609430e-01
   4.8400000e+01   1.4387316e+00
   4.8500000e+01   1.9761798e+00
   4.8600000e+01   5.9340863e-01
   4.8700000e+01  -8.9448041e-01
   4.8800000e+01  -4.0440840e-01
   4.8900000e+01  -1.4293681e+00
   4.9000000e+01  -2.4056729e+00
   4.9100000e+01   1.0553650e-01
   4.9200000e+01  -1.2289550e-01
   4.9300000e+01   1.2134533e+00
   4.9400000e+01   1.5976838e+00
   4.9500000e+01   1.1984848e+00
   4.9600000e+01   2.0308436e+00
   4.9700000e+01   1.1044871e+00
   4.9800000e+01  -4.8546823e-01
   4.9900000e+01   4.3803810e-01
   5.0000000e+01   5.8676131e-01
   5.0100000e+01   4.7792338e-03
   5.0200000e+01  -5.5564941e-01
   5.0300000e+01  -2.7830169e-01
   5.0400000e+01  -1.1181107e-01
   5.0500000e+01  -1.9939855e+00
   5.0600000e+01  -7.3911285e-01
   5.0700000e+01   1.0867938e-01
   5.0800000e+01  -7.6135287e-01
   5.0900000e+01   1.7688675e+00
   5.1000000e+01   2.2775633e+00
   5.1100000e+01   3.7023828e+00
   5.1200000e+01   6.9047099e-01
   5.1300000e+01   2.0938141e+00
   5.1400000e+01  -3.1625602e-01
   5.1500000e+01  -2.0727487e-01
   5.1600000e+01   7.1603674e-01
   5.1700000e+01  -3.4050413e+00
   5.1800000e+01  -4.4425297e-01
   5.1900000e+01  -3.9342604e-01
   5.2000000e+01  -2.2820932e+00
   5.2100000e+01  -8.9370532e-01
   5.2200000e+01  -1.6702232e+00
   5.2300000e+01  -4.9894533e-01
   5.2400000e+01   1.4109006e+00
   5.2500000e+01   1.4187071e+00
   5.2600000e+01   3.2527086e+00
   5.2700000e+01   1.3361265e+00
   5.2800000e+01   1.0257507e+00
   5.2900000e+01  -3.3491458e-01
   5.3000000e+01  -1.4573576e+00
   5.3100000e+01   1.3638832e+00
   5.3200000e+01   8.9766075e-01
   5.3300000e+01   3.0203854e-01
   5.3400000e+01   8.4246807e-01
   5.3500000e+01  -1.5123101e+00
   5.3600000e+01  -9.6355909e-01
   5.3700000e+01  -1.2196842e-01
   5.3800000e+01   1.5785635e-01
   5.3900000e+01   1.8182620e+00
   5.4000000e+01   2.0325889e+00
   5.4100000e+01   1.0117738e+00
   5.4200000e+01   6.7892068e-01
   5.4300000e+01  -2.4758423e-01
   5.4400000e+01  -9.1673028e-01
   5.4500000e+01  -3.2209764e-01
   5.4600000e+01  -1.5384321e+00
   5.4700000e+01  -1.6369564e+00
   5.4800000e+01   1.6281857e+00
   5.4900000e+01  -2.4021419e+00
   5.5000000e+01  -1.5213704e+00
   5.5100000e+01  -1.2586629e+00
   5.5200000e+01   4.5864876e-01
   5.5300000e+01   7.7765219e-01
   5.5400000e+01   1.7673884e+00
   5.5500000e+01   9.9660176e-01
   5.5600000e+01  -1.2954005e+00
   5.5700000e+01  -1.6850212e+00
   5.5800000e+01  -1.7550614e+00
   5.5900000e+01  -9.5000028e-01
   5.6000000e+01   7.0860171e-01
   5.6100000e+01  -3.5421296e-02
   5.6200000e+01  -4.2586367e-01
   5.6300000e+01  -1.5679929e+00
   5.6400000e+01  -3.6724570e+00
   5.6500000e+01  -2.0211222e+00
   5.6600000e+01   7.0521764e-01
   5.6700000e+01   2.1139957e+00
   5.6800000e+01   2.3243740e+00
   5.6900000e+01   2.7940352e+00
   5.7000000e+01  -2.5463426e-01
   5.7100000e+01   3.3023313e-01
   5.7200000e+01   3.2629739e-02
   5.7300000e+01   1.0516613e-01
   5.7400000e+01   1.4280081e-01
   5.7500000e+01  -7.4274371e-01
   5.7600000e+01  -6.7454022e-01
   5.7700000e+01  -1.1358727e+00
   5.7800000e+01  -1.1343512e-02
   5.7900000e+01   1.5237437e+00
   5.8000000e+01  -3.8851551e-01
   5.8100000e+01   1.9931641e+00
   5.8200000e+01   5.7718432e-01
   5.8300000e+01  -2.1258415e-01
   5.8400000e+01   7.4277480e-02
   5.8500000e+01   6.8299753e-01
   5.8600000e+01   1.5754864e+00
   5.8700000e+01   3.2616662e-01
   5.8800000e+01  -5.9113727e-01
   5.8900000e+01  -1.2395478e+00
   5.9000000e+01  -1.7642254e+00
   5.9100000e+01  -1.3103977e+00
   5.9200000e+01   6.9491709e-01
   5.9300000e+01  -3.9539805e-01
   5.9400000e+01  -5.4571034e-01
   5.9500000e+01  -1.1490118e+00
   5.9600000e+01   5.4215976e-01
   5.9700000e+01   9.0577991e-01
   5.9800000e+01   2.9819557e+00
   5.9900000e+01   3.2756235e+00
   6.0000000e+01  -6.5004467e-01
   6.0100000e+01   1.4609475e+00
   6.0200000e+01  -2.0701529e+00
   6.0300000e+01  -1.9512590e+00
   6.0400000e+01   8.9010248e-01
   6.0500000e+01   4.2782038e-01
   6.0600000e+01  -1.8022902e+00
   6.0700000e+01  -3.1885393e+00
   6.0800000e+01  -1.8314842e+00
   6.0900000e+01   2.9489714e-01
   6.1000000e+01   1.2360999e+00
   6.1100000e+01   9.4267723e-01
   6.1200000e+01   2.8742277e-02
   6.1300000e+01  -6.4839807e-01
   6.1400000e+01  -9.0968264e-01
   6.1500000e+01   1.9728537e+00
   6.1600000e+01   7.6434658e-01
   6.1700000e+01  -2.3844204e-02
   6.1800000e+01  -2.6182165e+00
   6.1900000e+01  -2.6695497e+00
   6.2000000e+01  -1.7440432e+00
   6.2100000e+01  -6.3554938e-01
   6.2200000e+01   2.4290054e+00
   6.2300000e+01   8.9851536e-01
   6.2400000e+01  -1.0958448e-01
   6.2500000e+01  -1.5024742e+00
   6.2600000e+01   2.0621487e+00
   6.2700000e+01   2.7939006e+00
   6.2800000e+01   3.2507481e+00
   6.2900000e+01   1.6203598e-01
   6.3000000e+01  -3.9150032e-02
   6.3100000e+01   6.0591351e-01
   6.3200000e+01   1.6594365e+00
   6.3300000e+01  -1.3638822e+00
   6.3400000e+01  -8.4644344e-01
   6.3500000e+01  -1.4127684e+00
   6.3600000e+01  -5.4906752e-01
   6.3700000e+01  -2.0768570e-01
   6.3800000e+01   1.7398645e-01
   6.3900000e+01   2.1649847e+00
   6.4000000e+01   1.4514605e+00
   6.4100000e+01   7.6394644e-01
   6.4200000e+01   9.0628055e-01
   6.4300000e+01   4.0748026e+00
   6.4400000e+01   2.8687683e+00
   6.4500000e+01   8.8466477e-01
   6.4600000e+01   5.9854638e-02
   6.4700000e+01   7.4548723e-01
   6.4800000e+01   3.7577210e-01
   6.4900000e+01  -5.8880294e-01
   6.5000000e+01  -1.4766123e+00
   6.5100000e+01  -3.4056154e-01
   6.5200000e+01  -6.4771321e-01
   6.5300000e+01   8.1532776e-01
   6.5400000e+01  -4.4825829e-01
   6.5500000e+01   1.4365719e+00
   6.5600000e+01   9.8990321e-01
   6.5700000e+01   7.3285987e-01
   6.5800000e+01   2.6405767e+00
   6.5900000e+01   1.6157266e+00
   6.6000000e+01  -3.1736858e+00
   6.6100000e+01  -8.0116552e-01
   6.6200000e+01  -9.2575675e-01
   6.6300000e+01   5.5439426e-01
   6.6400000e+01  -1.6314650e+00
   6.6500000e+01  -1.7290077e+00
   6.6600000e+01  -3.5206551e-03
   6.6700000e+01  -4.8374780e-01
   6.6800000e+01   2.3070365e+00
   6.6900000e+01   4.6252558e-01
   6.7000000e+01   3.5038174e-01
   6.7100000e+01  -9.2063906e-01
   6.7200000e+01   1.5222463e-02
   6.7300000e+01   2.1809775e+00
   6.7400000e+01  -1.9758016e-01
   6.7500000e+01  -1.6059494e+00
   6.7600000e+01  -6.2883597e-02
   6.7700000e+01   5.8476517e-01
   6.7800000e+01  -1.1743101e+00
   6.7900000e+01  -2.8890834e+00
   6.8000000e+01  -8.8370392e-01
   6.8100000e+01  -3.4175380e-01
   6.8200000e+01   1.1957179e+00
   6.8300000e+01   2.5685812e+00
   6.8400000e+01  -3.3264462e-01
   6.8500000e+01  -4.3306317e-01
   6.8600000e+01   1.0672305e+00
   6.8700000e+01   9.4070269e-01
   6.8800000e+01   8.5564311e-01
   6.8900000e+01  -8.3633472e-03
   6.9000000e+01  -8.9693613e-01
   6.9100000e+01  -7.4214424e-01
   6.9200000e+01  -1.4512516e+00
   6.9300000e+01  -3.9328636e-01
   6.9400000e+01  -8.8288198e-01
   6.9500000e+01   9.7099323e-01
   6.9600000e+01   2.6429518e+00
   6.9700000e+01   6.8914633e-01
   6.9800000e+01   1.2975555e+00
   6.9900000e+01  -6.3045731e-01
   7.0000000e+01   6.0768549e-01
   7.0100000e+01   7.3310217e-01
   7.0200000e+01  -7.7840152e-01
   7.0300000e+01  -2.1280241e+00
   7.0400000e+01   3.2103307e-01
   7.0500000e+01  -5.4402111e-01
   7.0600000e+01   4.3400442e-01
   7.0700000e+01  -2.5173828e+00
   7.0800000e+01  -7.8752335e-01
   7.0900000e+01   5.9612455e-01
   7.1000000e+01   1.6244507e-01
   7.1100000e+01  -2.6899363e-01
   7.1200000e+01  -3.3058530e-01
   7.1300000e+01   2.4752318e+00
   7.1400000e+01   2.5003255e+00
   7.1500000e+01   2.4093084e+00
   7.1600000e+01   3.4229080e-01
   7.1700000e+01   9.6718800e-01
   7.1800000e+01  -2.9931522e-01
   7.1900000e+01  -7.1274614e-01
   7.2000000e+01  -3.0788908e+00
   7.2100000e+01  -3.3143164e-01
   7.2200000e+01   1.6709474e+00
   7.2300000e+01  -1.7167189e+00
   7.2400000e+01   7.7544807e-01
   7.2500000e+01   3.2843099e-01
   7.2600000e+01   3.0462883e+00
   7.2700000e+01   2.3461610e+00
   7.2800000e+01  -5.0705783e-01
   7.2900000e+01   2.4890499e+00
   7.3000000e+01   3.1184434e+00
   7.3100000e+01   3.1050274e+00
   7.3200000e+01   1.5522600e+00
   7.3300000e+01   1.6267434e+00
   7.3400000e+01   3.4084757e-01
   7.3500000e+01   6.6724910e-01
   7.3600000e+01  -6.1403873e-01
   7.3700000e+01   3.2156656e-01
   7.3800000e+01   2.3754584e+00
   7.3900000e+01   1.5653940e+00
   7.4000000e+01   8.9647747e-01
   7.4100000e+01  -2.6696014e-01
   7.4200000e+01   2.7732491e+00
   7.4300000e+01   2.0610930e+00
   7.4400000e+01  -6.1375615e-01
   7.4500000e+01  -4.5204439e-01
   7.4600000e+01   7.5990044e-01
   7.4700000e+01   7.7966661e-01
   7.4800000e+01  -4.4030106e-01
   7.4900000e+01  -2.1049920e+00
   7.5000000e+01  -1.3787002e+00
   7.5100000e+01  -1.9080316e+00
   7.5200000e+01  -1.6162651e+00
   7.5300000e+01  -1.8442376e+00
   7.5400000e+01  -5.5485780e-01
   7.5500000e+01  -3.7887650e-02
   7.5600000e+01  -9.3124107e-01
   7.5700000e+01  -9.4198212e-01
   7.5800000e+01  -5.6525572e-01
   7.5900000e+01   7.7997228e-01
   7.6000000e+01  -1.3596062e+00
   7.6100000e+01  -2.3840962e+00
   7.6200000e+01  -4.7347916e-01
   7.6300000e+01  -1.6602011e+00
   7.6400000e+01  -2.4222665e+00
   7.6500000e+01  -2.1619652e+00
   7.6600000e+01  -1.7348538e+00
   7.6700000e+01  -2.1759401e+00
   7.6800000e+01  -1.3983416e+00
   7.6900000e+01  -2.0868130e+00
   7.7000000e+01  -6.3874169e-01
   7.7100000e+01  -9.3072365e-01
   7.7200000e+01   4.7511027e-01
   7.7300000e+01   9.4597569e-01
   7.7400000e+01  -1.8787023e+00
   7.7500000e+01  -1.1968949e+00
   7.7600000e+01  -6.0579483e-01
   7.7700000e+01   5.7037722e-01
   7.7800000e+01  -2.8165239e+00
   7.7900000e+01  -1.5927358e+00
   7.8000000e+01  -3.1443800e-01
   7.8100000e+01   1.8590492e+00
   7.8200000e+01  -2.0125484e+00
   7.8300000e+01   2.3708902e+00
   7.8400000e+01   2.2870062e+00
   7.8500000e+01  -8.4342022e-01
   7.8600000e+01   9.4368900e-01
   7.8700000e+01   1.1081729e+00
   7.8800000e+01   2.2411069e+00
   7.8900000e+01   8.9407081e-01
   7.9000000e+01  -1.1782447e+00
   7.9100000e+01   1.5530335e+00
   7.9200000e+01  -1.3239555e-01
   7.9300000e+01  -2.6771682e+00
   7.9400000e+01  -6.9692877e-01
   7.9500000e+01   1.6086561e+00
   7.9600000e+01  -1.6960941e+00
   7.9700000e+01   7.8970765e-02
   7.9800000e+01   1.4039547e+00
   7.9900000e+01   1.4682650e+00
   8.0000000e+01   1.4160723e-01
   8.0100000e+01  -5.6225253e-02
   8.0200000e+01   3.7308058e+00
   8.0300000e+01   2.2125088e+00
   8.0400000e+01  -2.9770117e-02
   8.0500000e+01   2.5327804e-01
   8.0600000e+01  -4.4169093e-01
   8.0700000e+01  -2.8849467e+00
   8.0800000e+01  -1.2815176e+00
   8.0900000e+01   7.0154789e-02
   8.1000000e+01  -1.4564709e+00
   8.1100000e+01  -5.6120888e-01
   8.1200000e+01   1.3545506e+00
   8.1300000e+01  -1.7322203e+00
   8.1400000e+01   1.5148067e+00
   8.1500000e+01   2.4417833e+00
   8.1600000e+01  -5.2015308e-01
   8.1700000e+01   9.8144818e-01
   8.1800000e+01   1.4187087e-01
   8.1900000e+01  -3.9064141e-01
   8.2000000e+01  -1.1773588e+00
   8.2100000e+01  -9.6553770e-01
   8.2200000e+01  -2.5095415e+00
   8.2300000e+01  -2.2143299e+00
   8.2400000e+01  -9.3744024e-01
   8.2500000e+01  -2.1013880e-01
   8.2600000e+01   1.3405061e+00
   8.2700000e+01  -1.7704740e+00
   8.2800000e+01   1.2565803e+00
   8.2900000e+01   1.4033576e+00
   8.3000000e+01  -1.8190717e+00
   8.3100000e+01   3.0019465e+00
   8.3200000e+01   1.7031861e+00
   8.3300000e+01  -1.2070877e+00
   8.3400000e+01   1.4720928e+00
   8.3500000e+01   9.9019685e-02
   8.3600000e+01  -4.6340135e+00
   8.3700000e+01  -3.2017966e+00
   8.3800000e+01  -4.3083395e-01
   8.3900000e+01  -2.7496326e+00
   8.4000000e+01  -1.5615072e+00
   8.4100000e+01   2.7075349e+00
   8.4200000e+01   4.5228694e-01
   8.4300000e+01   1.5259404e+00
   8.4400000e+01   1.3062552e+00
   8.4500000e+01   8.6794367e-01
   8.4600000e+01  -3.9830204e-01
   8.4700000e+01   3.3218830e+00
   8.4800000e+01  -1.1861940e+00
   8.4900000e+01  -1.0114252e+00
   8.5000000e+01   3.8889707e-01
   8.5100000e+01   4.4866748e-01
   8.5200000e+01  -2.2857624e+00
   8.5300000e+01   9.2963349e-01
   8.5400000e+01  -8.7653715e-01
   8.5500000e+01   7.8026835e-01
   8.5600000e+01   1.4802981e+00
   8.5700000e+01   2.1440079e+00
   8.5800000e+01  -1.4048726e+00
   8.5900000e+01   9.1632552e-01
   8.6000000e+01   2.6891496e-01
   8.6100000e+01  -1.7444666e+00
   8.6200000e+01   9.7043719e-01
   8.6300000e+01   1.0156909e+00
   8.6400000e+01  -1.6036014e+00
   8.6500000e+01   7.8960917e-01
   8.6600000e+01  -1.7539274e-01
   8.6700000e+01  -1.2754490e+00
   8.6800000e+01   1.0829377e+00
   8.6900000e+01  -9.8031348e-01
   8.7000000e+01  -1.6647413e+00
   8.7100000e+01   5.2567765e-01
   8.7200000e+01   1.4710705e+00
   8.7300000e+01  -1.5592476e+00
   8.7400000e+01   1.6000785e+00
   8.7500000e+01   1.0006224e+00
   8.7600000e+01  -1.0615689e+00
   8.7700000e+01  -6.8193257e-01
   8.7800000e+01  -1.1557440e+00
   8.7900000e+01  -7.9240727e-01
   8.8000000e+01   1.1302885e-01
   8.8100000e+01  -7.4640722e-01
   8.8200000e+01  -1.2078118e+00
   8.8300000e+01  -2.0386134e-01
   8.8400000e+01  -8.1510252e-01
   8.8500000e+01  -2.2476683e+00
   8.8600000e+01   1.6263685e-03
   8.8700000e+01  -1.6416317e-01
   8.8800000e+01   1.5990373e+00
   8.8900000e+01   2.0142617e+00
   8.9000000e+01   5.3729697e-01
   8.9100000e+01  -7.4000771e-02
   8.9200000e+01   4.9993718e-01
   8.9300000e+01  -1.9209027e+00
   8.9400000e+01  -4.0416779e-01
   8.9500000e+01  -2.0643589e-01
   8.9600000e+01  -4.9499457e-01
   8.9700000e+01   1.6251432e-01
   8.9800000e+01  -3.2099282e-01
   8.9900000e+01  -3.3269697e+00
   9.0000000e+01   8.4016145e-01
   9.0100000e+01  -5.6461337e-01
   9.0200000e+01   2.0344583e+00
   9.0300000e+01   1.1607728e+00
   9.0400000e+01   4.8322230e-01
   9.0500000e+01   1.7742109e+00
   9.0600000e+01  -2.4222272e-01
   9.0700000e+01  -2.4753715e+00
   9.0800000e+01   1.1273260e+00
   9.0900000e+01   8.4090163e-01
   9.1000000e+01  -1.9091434e+00
   9.1100000e+01   4.3213803e-02
   9.1200000e+01  -2.4206707e+00
   9.1300000e+01  -5.2815677e-02
   9.1400000e+01   1.1474922e+00
   9.1500000e+01   6.3061417e-02
   9.1600000e+01   2.3167766e+00
   9.1700000e+01   1.0455453e+00
   9.1800000e+01   7.4031763e-01
   9.1900000e+01   1.6361527e+00
   9.2000000e+01  -7.1952171e-01
   9.2100000e+01  -1.9511715e+00
   9.2200000e+01  -7.0647825e-01
   9.2300000e+01  -1.9522748e+00
   9.2400000e+01   2.1306067e-01
   9.2500000e+01  -2.0707059e+00
   9.2600000e+01  -9.7882579e-01
   9.2700000e+01   1.3656247e+00
   9.2800000e+01  -2.4875799e-01
   9.2900000e+01   1.3387892e+00
   9.3000000e+01   3.1918859e-01
   9.3100000e+01   5.9475342e-01
   9.3200000e+01   7.7085180e-01
   9.3300000e+01  -1.7334040e+00
   9.3400000e+01   3.4439693e-01
   9.3500000e+01   1.6583693e+00
   9.3600000e+01  -3.9039141e-01
   9.3700000e+01  -3.1591729e-01
   9.3800000e+01  -1.5787148e+00
   9.3900000e+01   1.3461860e-01
   9.4000000e+01  -1.9840250e-01
   9.4100000e+01  -1.5191512e+00
   9.4200000e+01   1.8090750e+00
   9.4300000e+01  -8.4740011e-01
   9.4400000e+01  -7.3126139e-01
   9.4500000e+01   1.2183863e+00
   9.4600000e+01  -5.4654631e-01
   9.4700000e+01   2.6223055e+00
   9.4800000e+01   3.1617039e-01
   9.4900000e+01   6.7458061e-01
   9.5000000e+01   9.3875972e-01
   9.5100000e+01  -1.5532007e+00
   9.5200000e+01   2.6294731e-01
   9.5300000e+01  -1.1462491e+00
   9.5400000e+01  -7.1461824e-01
   9.5500000e+01  -1.0772214e+00
   9.5600000e+01  -2.7931294e+00
   9.5700000e+01   2.7669605e+00
   9.5800000e+01  -1.0346796e+00
   9.5900000e+01   9.7409575e-01
   9.6000000e+01   3.5243314e-01
   9.6100000e+01   5.7520847e-01
   9.6200000e+01   1.7801401e+00
   9.6300000e+01  -1.1384778e+00
   9.6400000e+01  -5.4931841e-01
   9.6500000e+01  -1.8237803e+00
   9.6600000e+01  -2.0137532e+00
   9.6700000e+01  -6.3715802e-02
   9.6800000e+01  -1.5531978e+00
   9.6900000e+01   3.1059006e-01
   9.7000000e+01   3.4897402e-01
   9.7100000e+01  -1.6835166e-01
   9.7200000e+01  -1.2215010e-01
   9.7300000e+01   1.4324315e+00
   9.7400000e+01   3.0268247e+00
   9.7500000e+01   1.5664282e+00
   9.7600000e+01   2.2017923e+00
   9.7700000e+01  -4.1475888e-01
   9.7800000e+01   8.7593057e-01
   9.7900000e+01   1.0206388e+00
   9.8000000e+01  -1.1484235e+00
   9.8100000e+01  -3.2460086e-01
   9.8200000e+01  -1.9785592e+00
   9.8300000e+01   1.3935437e+00
   9.8400000e+01  -2.1091665e+00
   9.8500000e+01   5.8198861e-01
   9.8600000e+01   1.4878957e+00
   9.8700000e+01  -3.6917321e-01
   9.8800000e+01   7.2924213e-01
   9.8900000e+01   6.1707825e-01
   9.9000000e+01   1.7050877e+00
   9.9100000e+01  -6.0469176e-01
   9.9200000e+01  -1.4486985e+00
   9.9300000e+01   2.2618959e+00
   9.9400000e+01  -1.2971140e+00
   9.9500000e+01  -1.4033882e-01
   9.9600000e+01  -2.5397057e+00
   9.9700000e+01  -1.2533803e+00
   9.9800000e+01  -1.9180351e+00
   9.9900000e+01   1.1613768e+00
