   -0.0433
    0.7039
    2.4101
    2.9392
    3.5273
    4.0105
    5.2839
    6.9017
    6.3724
    6.2127
    6.7985
    6.4769
    6.5962
    6.1766
    5.8177
    5.7792
    5.9152
    5.0559
    5.0449
    4.6953
    3.7991
    4.2309
    3.9844
    4.2902
    4.6625
    4.2599
    5.8557
    5.9788
    6.3615
    7.5600
    7.6988
    8.4666
    8.8308
    8.6112
    9.4628
    8.8809
    9.4182
    9.3829
    9.5257
    9.3059
    8.9943
    8.9299
    7.3513
    6.4486
    5.2401
    5.5178
    4.0330
    3.1139
    2.5188
    2.2697
    0.4651
    1.1350
    0.2164
   -0.0098
    0.1735
    0.4598
   -0.1354
   -0.0726
    0.4755
    1.4951
    1.3509
    1.3775
    2.4255
    2.2026
    2.9547
    2.2180
    2.6467
    2.6176
    3.7517
    3.6629
    2.0920
    2.2138
    1.4608
    1.1749
    0.5604
   -0.3125
   -0.5190
   -1.0099
   -1.2847
   -1.4406
   -1.7929
   -2.9061
   -2.7588
   -2.3033
   -2.0447
   -1.4146
   -0.7900
   -0.0296
    1.0921
    1.5416
    1.8804
    2.4984
    3.0444
    3.6973
    3.5258
    4.5744
    5.0360
    4.6327
    5.1518
    4.3610
    4.7919
    5.1873
    3.9038
    4.1493
    2.7264
    2.8291
    1.5498
    1.2041
    0.4951
    0.5862
   -0.7487
   -0.7473
   -0.6205
   -1.1131
   -1.0146
   -1.5079
   -0.6342
    0.0290
   -0.0654
    0.1206
   -0.5244
    1.6918
    0.2289
    1.1526
    1.0936
    1.4653
    0.4064
    1.0880
    1.3548
    0.5746
   -0.3505
   -1.7486
   -1.7709
   -2.1152
   -3.0799
   -3.8964
   -5.1988
   -6.5411
   -7.4641
   -8.4318
   -8.5729
   -9.2640
   -9.9679
   -9.6262
  -10.5993
  -10.2778
   -9.8866
   -8.8589
   -9.1957
   -9.2646
   -8.6187
   -8.0241
   -7.8123
   -7.0561
   -6.4475
   -6.2260
   -6.2090
   -6.0141
   -5.6727
   -5.9582
   -6.2161
   -6.9357
   -6.5750
   -6.9558
   -7.5079
   -8.0749
   -8.0242
   -8.6967
   -8.7411
   -9.2811
   -8.9820
   -9.3402
   -9.0865
   -8.2044
   -9.1988
   -7.9760
   -6.7530
   -5.8557
   -4.7749
   -3.6662
   -2.6620
   -2.5883
   -1.3367
   -1.0994
    1.2257
    1.6264
    2.2667
    2.6578
    3.6903
    2.8085
    3.6794
    3.7908
    3.1512
    3.3309
    2.9748
    3.0557
    2.3117
    1.9963
    1.6357
    1.0654
    1.2797
    0.8739
    1.1763
    1.8170
    1.1386
    2.2025
    3.5277
    2.6798
    4.0566
    4.3810
    4.7618
    5.0506
    6.7922
    6.8620
    6.8824
    7.9197
    7.7132
    7.3050
    6.9315
    7.5154
    6.7426
    5.9726
    5.7183
    4.4111
    3.3476
    3.7672
    2.4431
    1.8088
    1.3321
    1.2336
    0.0720
   -0.1584
   -0.8762
   -0.9249
   -0.9248
   -0.4716
   -0.1927
    0.4848
    0.6941
    0.4039
    1.8529
    2.2214
    1.7080
    2.5058
    3.5667
    3.9162
    3.6488
    4.0374
    5.0126
    3.6073
    3.0224
    3.3790
    2.7476
    2.6486
    1.8818
    1.5290
    1.4353
    0.3220
   -0.4102
    0.3234
   -0.7945
   -0.6946
   -0.8245
    0.1008
   -0.0069
    0.6377
    1.3717
    1.4038
    2.4481
    2.8128
    4.0015
    5.0418
    5.9968
    6.3046
    6.6804
    7.9770
    8.2314
    7.8104
    8.5326
    8.0307
    8.3512
    7.4338
    7.5935
    6.4498
    6.1958
    5.6080
    4.3831
    3.9895
    4.4245
    3.2475
    2.7644
    2.4463
    2.5221
    2.4272
    2.0311
    2.2031
    3.1996
    2.2223
    2.7295
    2.9638
    4.3749
    3.8030
    3.8635
    4.4317
    4.4076
    4.1182
    4.8474
    4.5302
    4.1190
    2.6065
    2.1059
    1.5159
    1.0489
   -0.4374
   -1.1303
   -1.6850
   -3.5875
   -5.0879
   -4.9539
   -6.9074
   -6.9286
   -7.3258
   -8.7965
   -8.8569
   -8.6307
   -8.7017
   -9.3731
   -7.4545
   -8.0756
   -7.6899
   -7.2688
   -6.9240
   -6.5766
   -6.6680
   -5.7230
   -5.2876
   -5.6290
   -4.9299
   -6.1559
   -5.9543
   -6.2283
   -6.1784
   -6.7349
   -7.0984
   -8.2500
   -8.4955
   -8.9500
   -9.4962
   -9.7872
  -10.3164
  -10.5659
   -9.9815
   -9.8437
  -10.2386
   -9.1654
   -8.4480
   -7.7159
   -6.8814
   -6.7650
   -5.9826
   -4.9018
   -4.0410
   -2.6425
   -1.9563
   -0.6005
   -0.9496
    0.1445
    0.6942
    1.7648
    1.7505
    1.0112
    1.2522
    1.2767
    0.2186
    0.3520
   -0.3924
   -0.7574
   -0.9018
   -0.6202
   -1.2279
   -1.9090
   -2.5217
   -1.0450
   -1.6692
   -1.1334
   -0.5977
   -0.6396
    0.0917
    0.5387
    1.2720
    2.4649
    2.8762
    3.4658
    3.8650
    3.4304
    4.6654
    4.8761
    4.2262
    4.3950
    4.2793
    4.0146
    3.5594
    3.2501
    2.0616
    1.2012
    0.2589
   -0.5930
   -1.2207
   -1.6340
   -2.0232
   -2.3151
   -3.3973
   -3.0443
   -4.6200
   -3.0355
   -3.4293
   -2.6488
   -2.2623
   -2.1448
   -0.9342
   -0.8595
   -0.0702
    0.0769
    1.2998
    1.1446
    2.1822
    2.5541
    2.5419
    2.9662
    2.7685
    2.4642
    2.7485
    2.0728
    1.3706
    1.4824
    1.1732
    0.7464
    0.0250
   -0.2944
   -0.3727
   -0.0791
   -1.0280
   -0.0320
   -0.2616
    0.8755
    0.6465
    1.9512
    2.3977
    4.3419
    3.5636
    4.6203
    6.1946
    7.3393
    6.7726
    8.4146
    8.5530
    9.4557
    9.9058
   10.3960
   10.1533
    9.8249
    9.4981
    9.3032
    8.8127
    8.9440
    7.6769
    6.8006
    7.2460
    6.2929
    5.9863
    5.3347
    5.4097
    5.3200
    4.4350
    4.4836
    4.6299
    4.9897
    5.1925
    4.9894
    5.8120
    6.4944
    6.8861
    7.3563
    7.4295
    8.0837
    8.4884
    7.6001
    7.2058
    6.7691
    5.9812
    5.6656
    4.6346
    4.2963
    3.0849
    2.2357
    1.3907
   -0.6641
   -0.8196
   -1.8131
   -2.6568
   -4.0714
   -4.8409
   -5.8147
   -4.8680
   -5.8688
   -5.8217
   -6.5967
   -5.9903
   -5.0129
   -5.3042
   -5.1231
   -4.4967
   -4.4578
   -4.0129
   -3.9763
   -3.9382
   -2.7796
   -4.0123
   -3.8246
   -4.1863
   -5.1971
   -4.5177
   -5.5698
   -5.3604
   -5.7921
   -7.3699
   -7.7109
   -7.9794
   -8.8884
   -8.9632
   -8.8411
   -8.6906
   -9.3246
   -9.8907
   -8.9971
   -8.5394
   -7.5858
   -7.6118
   -5.2646
   -5.5349
   -5.4135
   -3.8477
   -2.8950
   -2.4887
   -1.1298
   -0.7664
   -0.9394
   -0.4945
    0.4391
   -0.1494
   -0.3364
   -0.3742
   -0.5611
   -0.3939
   -0.6398
   -1.2165
   -2.2657
   -3.4809
   -2.6923
   -3.1515
   -3.2973
   -4.1349
   -3.2459
   -3.6663
   -3.4770
   -3.3645
   -3.1507
   -1.9421
   -2.1455
   -1.3794
   -0.9012
   -0.5169
    0.5111
    0.8899
    0.5382
    1.4133
    1.8760
    2.2569
    1.3839
    1.2829
    0.9699
    0.8167
   -0.1105
   -0.6001
   -0.8748
   -2.6765
   -2.9438
   -3.7978
   -4.9071
   -5.0777
   -6.2884
   -5.8594
   -6.1408
   -6.7046
   -6.5753
   -6.0984
   -5.8165
   -5.4716
   -4.8140
   -3.6100
   -3.4997
   -2.7102
   -1.9819
   -1.9242
   -1.2349
   -0.8367
   -0.2623
   -0.1278
    0.6336
    0.7704
    0.3786
    0.0584
   -0.6451
   -0.0579
   -0.0224
   -2.0789
   -1.4620
   -1.8807
   -2.1101
   -1.9844
   -3.0472
   -1.1611
   -1.7922
   -1.5702
   -1.1745
   -0.5068
   -0.3377
    1.2523
    1.8998
    3.0262
    3.7817
    5.5018
    5.8969
    7.0583
    7.6313
    8.4653
    9.5736
    9.5731
    9.2337
   10.5587
    9.7527
   10.5494
    9.5051
    9.2018
    8.8738
    9.0016
    7.9328
    7.0685
    7.0164
    6.7268
    6.2844
    5.9908
    5.7784
    6.3678
    5.9002
    5.2109
    6.0603
    6.5773
    7.1092
    8.3349
    7.9098
    9.1585
    9.3489
    8.9338
    9.3761
   10.5672
    8.8897
    8.9927
    8.9214
    8.7190
    7.8911
    7.7534
    5.9935
    5.2371
    5.1123
    4.4344
    1.8248
    2.5057
    0.8164
   -0.7328
   -0.5130
   -1.7607
   -1.5820
   -2.2736
   -2.9890
   -3.0965
   -2.1330
   -2.9151
   -2.8217
   -1.9365
   -1.9672
   -0.9521
   -1.2790
   -1.4035
   -0.9372
   -0.4620
   -0.6301
   -1.0146
   -0.6567
   -0.9221
   -1.3542
   -1.3648
   -1.9576
   -2.7244
   -4.1894
   -4.0679
   -4.9955
   -5.5129
   -5.4216
   -6.4773
   -7.7041
   -6.9625
   -6.8792
   -6.8962
   -6.2631
   -6.0587
   -5.4577
   -5.3880
   -4.6157
   -3.4722
   -3.2694
   -2.3416
   -2.0379
   -1.4230
    0.1024
    0.7976
    1.4369
    1.7492
    1.6755
    1.1756
    1.0043
    0.6630
    1.0329
   -0.2607
   -0.2306
   -0.5372
   -1.7108
   -1.8211
   -2.7270
   -2.7972
   -3.7027
   -3.6852
   -3.8683
   -3.8326
   -3.9220
   -3.6094
   -4.1187
   -2.5967
   -3.2837
   -2.1916
   -1.7279
   -1.1125
   -0.2915
   -0.5854
    0.6966
    0.2754
    0.5092
   -0.0844
   -0.8655
   -0.4700
   -0.8704
   -1.6218
   -2.4498
   -2.3225
   -4.0138
   -5.0928
   -5.2641
   -6.4470
   -7.4379
   -7.8320
   -7.6648
   -8.4908
   -7.7649
   -8.9002
   -9.1639
   -7.9860
   -8.4329
   -7.9727
   -7.0205
   -7.4249
   -6.5873
   -6.1308
   -4.8523
   -4.4380
   -4.2720
   -3.9302
   -3.2498
   -2.4581
   -2.9272
   -2.7335
   -2.9435
   -2.6453
   -2.6967
   -4.4346
   -5.0861
   -4.3771
   -4.8004
   -4.5331
   -5.3274
   -5.1762
   -4.6979
   -4.8409
   -4.7863
   -4.0289
   -3.4286
   -2.9498
   -1.9086
   -1.2875
   -0.3269
    1.0064
    1.5532
    2.8134
    3.6500
    5.0868
    5.2752
    5.9037
    6.2931
    7.9601
    6.9892
    7.8735
    7.3866
    8.1859
    7.8011
    7.8310
    7.4165
    6.8851
    6.3976
    6.1114
    6.4694
    5.2377
    5.3879
    5.5199
    5.2857
    5.5516
    5.1038
    6.0420
    5.9874
    6.9790
    7.2133
    7.5574
    7.5544
    8.9502
    9.5434
    9.0112
   10.4339
    9.9547
    9.8631
    9.8444
    9.5822
    9.2870
    8.6266
    7.9355
    7.2652
    6.9370
    5.9085
    4.7788
    4.5270
    2.7391
    1.8404
    0.9099
    0.2617
    0.3510
   -0.4990
   -0.2447
   -1.1136
   -0.6770
    0.1672
   -0.3358
   -0.6534
    0.0990
    0.4428
    1.3141
    0.9662
    1.8534
    2.2902
    2.4180
    2.5885
    2.7255
    2.8195
    1.4680
    1.3977
    0.9480
    0.9433
    0.3209
   -0.3711
   -1.3147
   -1.8883
   -2.5490
   -2.7519
   -2.7386
   -3.5744
   -4.0154
   -4.7310
   -4.1806
   -3.3155
   -3.3386
   -2.9707
   -1.7147
   -0.6717
   -0.1514
   -0.1761
    1.2290
    1.6350
    2.2002
    2.7354
    3.2018
    3.2858
    3.5481
    4.1067
    3.3900
    3.5508
    3.8686
    2.6284
    3.0291
    1.7008
    1.6900
    0.7294
    0.0042
   -0.9557
   -1.7285
   -2.4427
   -1.7954
   -2.0345
   -2.1599
   -2.3189
   -2.0491
   -1.9723
   -0.5792
   -1.5879
   -1.0620
   -0.4805
   -0.0689
    0.6312
    1.0557
    0.7571
    1.0087
    1.1229
    0.3133
    0.1620
   -0.9841
   -0.6960
   -1.9314
   -2.7656
   -2.8228
   -3.8754
   -5.3394
   -5.8839
   -7.2808
   -8.2866
   -8.4033
   -8.3798
   -9.4411
   -9.6965
   -9.7094
  -10.2329
  -10.9909
   -9.4083
   -9.7561
   -9.0675
   -8.7675
   -8.9918
   -7.0914
   -7.1868
   -5.7680
   -6.5012
   -5.4949
   -5.8510
   -5.7783
   -4.4956
   -5.3631
   -5.3454
   -5.6455
   -5.4617
   -6.5568
   -6.9356
   -6.8723
   -7.2083
   -7.6121
   -7.8925
   -8.2176
   -8.0699
   -7.2709
   -8.9884
   -7.6032
   -7.4687
   -5.8690
   -5.7875
   -4.4303
   -3.9552
   -2.8866
   -1.2671
    0.2052
    1.2948
    1.3302
    3.1779
    2.9348
    4.2301
    4.6152
    4.5892
    4.8932
    4.2616
    5.3289
    5.4028
    4.7252
    5.3088
    4.2590
    3.8151
    3.1188
    3.8500
    2.7456
    2.6868
    2.8095
    2.5972
    3.1008
    2.9547
    3.8726
    3.8799
    4.9059
    5.0601
    6.0433
    5.7613
    6.6101
    7.9020
    7.8667
    9.1063
    8.1167
    8.8351
    9.2522
    8.0627
    8.5090
    8.7147
    7.7670
    6.6243
    6.4509
    5.4109
    4.6705
    3.4797
    3.2136
    2.0582
    1.3353
    1.0815
    0.0004
   -0.7420
   -0.3290
    0.1245
    0.5753
   -0.5376
   -0.3356
    0.8919
    1.4064
    1.6121
    1.7277
    2.9811
    3.1664
    3.1911
    3.5112
    4.2144
    3.7939
    4.1357
    3.1393
    3.1835
    2.3611
    2.4669
    1.7508
    1.4048
    0.5621
    0.0970
   -0.2898
   -0.3582
   -0.5887
   -1.0625
   -1.1190
   -1.8330
   -0.7187
   -0.8233
   -0.5652
   -0.7652
    0.5715
    2.1362
    1.2773
    3.1550
    3.9056
    4.6298
    4.9224
    5.2879
    6.1163
    6.0516
    6.7748
    7.3047
    6.2954
    6.5027
    6.4820
    6.1907
    5.6624
    4.7065
    4.6137
    3.9439
    3.2713
    2.4585
    1.3508
    1.3742
    0.9057
    0.2985
    0.8307
    0.8742
    0.9619
    0.6030
    1.3693
    1.2827
    1.3461
    2.0467
    2.6040
    2.7258
    2.9130
    2.9739
    3.2555
    2.9985
    2.7033
    2.5405
    1.9999
    0.7393
   -0.1648
   -1.5611
   -1.6760
   -2.3188
   -3.6458
   -4.7798
   -5.1281
   -6.0209
   -6.9253
   -7.7792
   -8.9675
   -8.7346
   -9.7478
   -9.7177
   -9.3911
   -9.1382
   -8.6481
   -9.0116
   -9.4346
   -7.9292
   -7.3569
   -7.1501
   -6.7183
   -6.9793
   -6.2352
   -6.2434
   -6.1863
   -6.2003
   -5.8828
   -6.1378
   -6.6435
   -7.1627
   -7.3631
   -7.4855
   -8.1081
   -9.3410
   -9.5592
   -9.9221
   -9.7005
   -9.7878
   -9.5986
   -9.2179
   -9.1701
   -9.7370
   -8.4542
   -7.4873
   -6.7424
   -6.0168
   -5.2349
   -4.0277
   -3.7842
   -2.5592
   -0.3818
   -1.1411
    0.2217
    1.2231
    2.0493
    1.9991
    2.1997
    2.7666
    1.2786
    2.8809
    1.7927
    1.9741
    0.5116
    0.2052
   -0.0633
   -0.6116
   -0.6426
    0.1255
   -0.5638
   -0.6058
    0.0510
    0.3590
    0.8390
    0.3586
    2.1085
    2.4740
    3.2756
    3.7419
    4.2194
    4.8115
    5.1838
    5.6015
    6.0991
    6.1863
    6.2697
    6.1944
    5.5318
    6.5635
    5.7273
    4.6602
    4.2510
    2.6317
    1.7804
    0.9983
    0.3640
    0.0403
   -0.4097
   -1.6343
   -1.3756
   -1.6791
   -1.2081
   -2.0510
   -1.7860
   -1.5028
   -1.4160
   -0.7096
    0.0782
    0.6862
    0.8246
    1.6618
    1.7793
    3.3393
    2.7106
    2.8147
    3.2959
    3.5085
    3.1976
    3.8227
    3.1873
    2.8899
    1.7752
    1.4731
    1.9681
    0.8664
    0.6099
    0.3455
   -0.3070
   -0.0197
   -0.6672
    0.4760
    0.1771
    1.0211
    1.4413
    1.4899
    2.5888
    2.5653
    4.5845
    4.1644
    5.2430
    7.1478
    7.1682
    8.4674
    8.1945
    9.0875
    9.2832
    9.2831
    8.8447
    9.2820
    8.9252
    8.7403
    8.4266
    7.8554
    6.7967
    6.7767
    5.0886
    5.1655
    4.9839
    3.7205
    2.7752
    3.3058
    3.5889
    3.0041
    3.7339
    4.1576
    4.5682
    5.0030
    3.9334
    4.2975
    5.6059
    5.0361
    5.8016
    5.7661
    6.1283
    6.6449
    6.0629
    5.5005
    4.4660
    3.8624
    2.8284
    1.7786
    1.1530
    0.6747
   -0.3866
   -2.2009
   -2.6668
   -4.3669
   -4.4785
   -5.3202
   -5.6569
   -7.2442
   -6.6160
   -7.1006
   -6.7340
   -7.4661
   -6.5340
   -6.8797
   -5.9477
   -6.8763
   -5.9477
   -5.6743
   -5.2502
   -5.0541
   -4.5228
   -5.2686
   -5.3432
   -4.8904
   -5.5492
   -4.5088
   -5.4338
   -6.3243
   -7.0520
   -7.4148
   -8.0199
   -8.3361
   -9.6907
  -10.0283
   -8.9534
  -10.2132
   -9.6728
   -9.4541
  -10.3105
   -9.2820
   -8.6050
   -7.3412
   -7.5346
   -6.4966
   -5.8827
   -5.4287
   -3.6392
   -3.0904
   -2.2454
   -1.3041
   -1.8618
   -1.1251
    0.6204
    0.3410
    0.0687
    1.0020
    0.4515
   -0.0348
   -0.5823
   -0.6976
   -1.0708
   -1.5654
   -2.0498
   -1.9539
   -2.9366
   -2.2514
   -2.6011
   -3.0189
   -2.0702
   -2.5049
   -1.6851
   -1.9413
   -1.7627
   -0.9710
    0.4352
    0.5680
    1.1243
    1.3319
    1.8945
    2.6549
    3.4755
    3.3644
    3.0726
    2.9432
    2.6519
    2.4766
    2.2349
    2.1601
    1.2674
    0.1388
   -0.2626
   -1.6109
   -1.9797
   -2.9605
   -3.0623
   -4.0444
   -4.6491
   -4.6214
   -5.0966
   -5.0108
   -4.4979
   -3.5723
   -3.6672
   -2.5458
   -2.5614
   -1.5056
   -0.9243
   -0.2530
    0.3665
    0.7028
    1.2257
    1.0733
    1.8387
    1.8436
    1.2915
    1.8437
    1.8877
    1.1006
    0.7955
    0.3462
   -0.1884
    0.0794
   -1.2882
   -0.8961
   -1.2197
   -1.4391
   -1.0219
   -1.0187
   -0.2532
    0.0055
    0.6134
    1.0769
    1.5117
    2.7649
    3.5075
    4.6854
    5.8462
    6.5447
    7.8547
    8.8410
    8.8291
    9.6194
   10.0749
   10.3712
   10.6296
   10.7296
    9.1991
    9.7824
    9.4390
    9.1035
    9.0800
    8.1482
    7.9881
    7.3863
    5.9323
    6.6364
    5.6252
    5.1669
    5.7837
    5.7641
    5.6888
    6.0997
    6.2844
    6.7198
    7.1077
    7.4856
    7.9888
    7.9171
    8.5634
    9.1410
    9.2760
    8.1429
    8.4201
    8.1784
    8.4371
    6.7700
    6.4897
    5.5740
    4.2411
    2.8893
    2.1594
    1.2399
    0.0944
   -0.9069
   -1.6870
   -2.8772
   -3.2423
   -4.1897
   -3.6272
   -4.6285
   -4.0919
   -4.5451
   -4.7413
   -4.4498
   -3.8936
   -3.3242
   -2.9399
   -3.0648
   -2.6801
   -2.8586
   -1.9332
   -2.2750
   -1.4736
   -2.2183
   -1.9041
   -2.7072
   -3.4733
   -4.6579
   -4.8281
   -5.4467
   -5.5101
   -6.1830
   -7.3562
   -7.1275
   -8.1643
   -7.9014
   -8.2953
   -8.6088
   -8.0138
   -7.9171
   -7.3336
   -6.8521
   -6.4370
   -5.2605
   -4.8302
   -4.0105
   -3.6457
   -2.0035
   -2.0664
   -1.2400
   -0.9487
    0.3833
   -0.0395
   -0.2762
    0.1699
    0.6210
    0.1634
    0.3342
   -0.7617
   -1.1803
   -0.6785
   -1.5272
   -2.4097
   -3.7410
   -3.5094
   -3.4402
   -4.6483
   -4.6420
   -4.0753
   -3.5820
   -3.1591
   -3.4997
   -1.9572
   -2.5065
   -1.3478
   -0.9461
   -0.3993
   -0.6157
   -0.1096
    1.0956
    0.6685
    0.8718
    0.4768
    0.9724
    0.1211
    0.4983
   -0.6381
   -1.3057
   -1.6693
   -2.8018
   -3.5914
   -4.5362
   -5.1563
   -4.5757
   -5.7766
   -6.2033
   -7.5622
   -8.1767
   -7.4380
   -7.7900
   -7.7291
   -6.5994
   -7.0925
   -6.7141
   -5.0640
   -4.4806
   -4.9489
   -3.3021
   -3.0557
   -2.9270
   -2.0696
   -1.9305
   -1.8206
   -1.1897
   -1.8692
   -1.7701
   -1.3879
   -1.6352
   -1.5199
   -2.3447
   -2.8649
   -3.3729
   -3.3302
   -3.2297
   -3.1435
   -3.4878
   -3.4090
   -3.2143
   -2.1387
   -1.7936
   -1.4849
   -1.2005
   -0.3221
    1.0194
    1.9198
    3.2248
    4.7478
    5.0687
    5.9724
    7.4729
    7.0566
    8.9333
    9.0855
    8.9735
    9.0624
    9.1559
    9.4397
    9.5307
    8.6242
    7.9117
    8.2141
    7.8893
    6.7713
    7.2442
    6.0758
    5.9389
    6.6096
    6.4232
    6.2562
    5.4738
    5.8857
    6.8339
    7.4010
    7.0467
    8.1248
    8.0384
    8.8461
    9.9565
   10.1504
    9.7843
   10.2948
   10.3089
    8.9835
   10.0689
    9.6268
    8.7629
    7.6702
    7.1868
    6.6012
    5.2057
    4.5236
    3.8838
    2.6840
    1.8640
    1.1723
   -0.3741
   -0.8288
   -1.0319
   -1.0695
   -1.2202
   -1.8606
   -2.0390
   -1.0189
   -1.6107
   -1.8705
   -0.3427
   -0.2644
   -0.0375
    0.4527
    0.8816
    0.6830
    1.0095
    1.0869
    1.0282
    0.3570
   -0.2774
    0.3619
   -0.7425
   -1.7471
   -0.9901
   -2.8572
   -2.8330
   -4.1994
   -5.6821
   -5.4865
   -5.6014
   -5.4389
   -5.1575
   -5.1824
   -4.5816
   -3.9078
   -4.3189
   -4.2412
   -2.6996
   -1.8828
   -1.3399
   -0.6544
    0.5658
    1.6724
    1.0703
    1.6437
    2.0606
    2.2701
    2.4974
    2.2853
    1.8096
    2.0314
    1.4964
    1.1596
    0.9642
   -0.1776
   -0.3322
   -1.2043
   -1.9568
   -2.1364
   -2.4524
   -2.2322
   -3.6292
   -3.4966
   -3.0500
   -3.6633
   -3.3764
   -2.0154
   -2.3252
   -1.7532
   -1.3426
   -0.8462
    0.1083
   -0.3616
   -0.0180
    0.4208
    0.6755
    0.3411
    0.0013
   -0.7225
   -0.4187
   -2.0867
   -2.0020
   -3.2424
   -4.3933
   -4.8269
   -6.1229
   -6.2941
   -7.6832
   -8.8725
   -9.2564
   -9.4367
   -9.2413
   -8.9228
  -10.1508
   -9.0877
   -9.1863
   -8.7047
   -8.6998
   -7.6798
   -7.9868
   -7.4221
   -5.8903
   -5.8890
   -5.2659
   -4.7711
   -4.6728
   -4.1152
   -4.2949
   -3.8279
   -4.5619
   -4.6165
   -5.2880
   -4.9088
   -5.4521
   -6.3895
   -5.7268
   -6.2758
   -7.1763
   -6.4076
   -6.6533
   -6.3849
   -5.9496
   -5.5074
   -5.3872
   -4.6595
   -3.9094
   -3.6541
   -2.3445
   -1.0693
    0.0327
    0.6169
    1.6231
    3.2197
    4.2851
    4.4021
    4.9857
    6.0940
    6.8403
    6.2503
    6.2555
    7.4670
    7.0480
    6.2460
    6.2516
    5.3934
    5.7460
    4.9305
    5.0215
    4.8702
    4.0375
    3.7259
    4.0719
    4.3075
    4.6911
    4.7808
    5.5386
    5.8780
    6.5714
    6.2377
    6.9310
    8.3712
    8.4720
    9.0966
    9.8333
    9.5832
    9.7535
   10.1745
    9.2588
    8.8597
    8.8124
    7.6619
    7.5585
    6.6792
    6.4165
    5.1790
    4.4519
    3.2537
    2.2609
    1.1596
    2.2730
    0.0887
    0.3826
   -0.0035
   -0.8153
    0.0681
    0.5052
   -0.0502
    1.1919
    0.7304
    1.7234
    1.5673
    1.6228
    2.6406
    2.8210
    3.2504
    3.5559
    3.2594
    3.6100
    3.5254
    2.3171
    2.4258
    1.3968
    2.0891
    0.8109
    0.1801
   -0.2157
   -1.2159
   -1.2814
   -1.4902
   -2.5263
   -2.4328
   -1.9591
   -1.6755
   -1.9865
   -1.1289
   -0.7314
   -0.8714
   -0.4093
    0.7334
    1.1155
    1.7298
    2.5551
    3.6320
    4.5617
    5.1679
    5.5739
    5.7913
    5.4335
    5.7371
    4.7281
    4.0961
    4.0457
    3.7538
    3.1726
    2.5553
    2.1061
    1.5930
    1.2915
    0.7538
    0.4744
   -1.1207
   -1.1109
   -0.5085
   -1.2992
   -1.4279
    0.0099
    0.0297
   -0.4289
    0.5595
    1.2502
    1.1874
    1.5002
    1.5059
    1.6099
    1.1631
    1.4523
    1.7808
    0.9636
    0.0787
   -0.5129
   -0.8575
   -1.3855
   -2.2854
   -3.4049
   -4.0026
   -5.3746
   -5.8355
   -7.3893
   -7.8090
   -8.7718
   -9.3415
   -9.5966
   -9.6974
   -9.7483
  -10.4772
  -10.3954
  -10.1325
   -9.3263
   -9.2127
   -8.8831
   -8.0354
   -7.2875
   -7.7336
   -7.3381
   -5.4435
   -6.1909
   -6.2644
   -5.4006
   -5.8985
   -5.7230
   -6.6691
   -7.1222
   -7.0144
   -7.1962
   -7.6799
   -8.1144
   -8.5936
   -9.5819
   -9.0014
   -8.6127
   -9.4595
   -8.7286
   -8.2594
   -9.0844
   -6.8045
   -7.4880
   -5.3848
   -4.9607
   -4.8350
   -4.2673
   -1.7342
   -1.2938
    0.0471
    1.3055
    1.7008
    2.6415
    1.7966
    3.2096
    3.7422
    3.6864
    3.7683
    3.6790
    3.3258
    2.5154
    2.6971
    1.8914
    1.4087
    1.8134
    1.6626
    1.1258
    1.9953
    1.5817
    1.5871
    2.5906
    2.6740
    2.2006
    3.2746
    4.0371
    4.7586
    5.2361
    5.8224
    5.9832
    7.5795
    6.9402
    7.9509
    7.4748
    8.0468
    7.5449
    6.7331
    6.8949
    6.1792
    5.3501
    5.0571
    3.8758
    3.7669
    3.1164
    1.6113
    1.3063
    0.9504
   -0.0817
   -0.3402
   -0.3070
   -0.3600
   -0.2451
    0.1410
   -0.3013
   -0.2526
    0.0666
    0.7582
    1.8881
    2.0712
    2.4757
    2.3878
    3.7663
    3.7611
    4.5035
    4.4206
